60001
60002
60008
60011
60017
60018
60019
60022
60024
60025
60026
60027
60028
60030
60033
60035
60037
60038
60040
60041
60042
60044
60045
60066
60068
60070
60071
60072
60073
60074
60075
60076
60078
60079
60080
60081
60083
60088
60091
60093
60095
60096
60097
60098
60099
60100
60101
60104
60105
60106
60108
60114
60115
60116
60117
60119
60120
60121
60122
60123
60125
60126
60127
60128
60130
60131
60135
60137
60140
60141
60143
60144
60145
60418
60424
60430
60431
60435
60436
60437
60440
60441
60442
60449
60457
60460
60461
60462
60464
60467
60468
60470
60473
60474
60475
60478
60479
60480
60484
60485
60488
60489
60490
60491
60494
60498
60499
60501
60505
60506
60507
60511
60513
60518
60520
60521
60523
60527
60530
60533
60535
60536
60538
60541
60546
60548
60553
60557
60559
60561
60572
60574
60576
60577
60578
60579
60589
60593
60596
60597
60598
60599
60600
60601
60603
60607
60609
60614
60616
60618
60619
60621
60623
60624
60628
60631
60632
60635
60637
60642
60645
60647
60648
60653
60655
60658
60659
60660
60661
60671
60676
60678
60681
60687
60691
60699
60703
60705
60706
60708
60709
60710
60713
60717
60718
60719
60720
60724
60725
60727
60731
60733
60734
60735
60736
60739
60742
60743
60747
60750
60753
60754
60757
60758
60759
60761
60763
60764
60766
60769
60770
60773
60775
60782
60785
60788
60791
60792
60793
60794
60797
60798
60799
60800
60804
60805
60808
60809
60814
60816
60817
60824
60830
60831
60832
60838
60840
60841
60842
60843
60844
60847
60848
60849
60852
60856
60857
60858
60859
60861
60862
60866
60869
60872
60873
60877
60878
60880
60881
60884
60892
60893
60894
60896
60899
60900
60903
60905
60907
60908
60910
60911
60912
60914
60915
60916
60918
60920
60922
60925
60927
60929
60942
60943
60947
60949
60954
60955
60957
60958
60965
60967
60968
60969
60970
60971
60975
60977
60981
60982
60984
60991
61000
61001
61002
61003
61005
61006
61008
61009
61010
61011
61012
61015
61016
61017
61019
61021
61022
61023
61024
61025
61026
61027
61028
61029
61031
61032
61034
61035
61038
61041
61042
61043
61046
61047
61050
61051
61053
61054
61055
61059
61061
61062
61064
61067
61068
61069
61071
61072
61073
61074
61075
61076
61078
61082
61083
61084
61085
61087
61095
61096
61099
61100
61102
61104
61105
61106
61108
61110
61111
61120
61125
61130
61132
61133
61136
61139
61141
61142
61145
61146
61147
61149
61153
61154
61157
61158
61159
61160
61161
61162
61163
61164
61165
61166
61167
61168
61170
61171
61173
61175
61176
61178
61180
61181
61183
61187
61188
61190
61193
61194
61195
61197
61198
61199
61201
61202
61203
61204
61205
61206
61207
61209
61211
61212
61213
61214
61217
61218
61219
61220
61223
61224
61225
61230
61232
61234
61235
61236
61237
61238
61241
61242
61244
61247
61248
61249
61250
61251
61253
61254
61256
61257
61258
61261
61262
61265
61266
61268
61269
61270
61271
61273
61274
61275
61281
61287
61289
61290
61292
61293
61298
61299
61300
61301
61302
61304
61308
61309
61310
61315
61316
61317
61318
61322
61323
61325
61329
61330
61337
61338
61344
61348
61354
61356
61357
61364
61366
61367
61369
61373
61374
61375
61377
61379
61382
61383
61384
61386
61388
61395
61396
61397
61399
61400
61401
61411
61412
61413
61415
61416
61418
61419
61421
61422
61423
61424
61426
61427
61429
61438
61440
61444
61446
61447
61449
61451
61452
61453
61455
61456
61459
61460
61461
61464
61465
61467
61468
61470
61473
61474
61476
61477
61480
61483
61488
61489
61490
61496
61498
61499
61500
61501
61503
61504
61509
61510
61511
61512
61514
61517
61518
61519
61520
61521
61522
61523
61524
61525
61526
61527
61528
61529
61532
61535
61536
61537
61538
61539
61545
61546
61547
61548
61550
61552
61553
61554
61556
61557
61563
61564
61565
61566
61568
61569
61570
61572
61573
61574
61576
61577
61578
61579
61582
61584
61586
61589
61590
61595
61596
61597
61598
61600
61602
61603
61604
61605
61607
61608
61610
61612
61614
61620
61621
61624
61625
61626
61627
61631
61632
61634
61637
61638
61639
61640
61641
61642
61644
61647
61648
61649
61650
61651
61652
61653
61654
61655
61656
61657
61658
61659
61660
61662
61666
61667
61670
61671
61673
61674
61676
61677
61679
61680
61681
61684
61685
61686
61687
61688
61689
61691
61693
61695
61697
61698
61699
61700
61701
61703
61709
61710
61711
61712
61714
61716
61717
61718
61719
61720
61722
61725
61730
61731
61732
61733
61734
61735
61741
61742
61743
61745
61746
61748
61751
61752
61753
61758
61760
61761
61762
61766
61768
61770
61772
61775
61778
61779
61781
61782
61785
61786
61787
61793
61794
61795
61796
61798
61799
61801
61806
61807
61809
61811
61814
61815
61822
61823
61825
61827
61828
61829
61830
61834
61835
61836
61838
61839
61841
61845
61846
61848
61850
61851
61854
61855
61861
61862
61863
61864
61866
61867
61868
61870
61871
61872
61873
61874
61875
61876
61877
61878
61880
61881
61882
61883
61884
61885
61886
61889
61890
61891
61892
61894
61896
61897
61899
61903
61904
61908
61910
61911
61913
61914
61915
61918
61919
61920
61921
61922
61923
61925
61929
61930
61931
61933
61934
61935
61936
61937
61941
61943
61945
61953
61954
61955
61957
61961
61962
61963
61966
61967
61968
61969
61975
61976
61980
61981
61983
61985
61986
61987
61988
61990
61992
61995
61997
61998
61999
62000
62002
62003
62004
62013
62014
62018
62019
62020
62021
62023
62024
62027
62029
62031
62032
62035
62036
62037
62038
62039
62043
62047
62049
62050
62051
62052
62053
62055
62056
62057
62058
62059
62060
62061
62064
62065
62067
62068
62071
62073
62074
62075
62076
62077
62081
62083
62084
62085
62086
62093
62094
62096
62097
62098
62099
62100
62101
62102
62103
62108
62110
62117
62119
62121
62123
62125
62126
62127
62131
62132
62133
62135
62136
62140
62143
62146
62147
62149
62154
62156
62157
62158
62159
62160
62162
62163
62164
62165
62167
62168
62169
62170
62172
62176
62177
62178
62179
62180
62182
62184
62185
62190
62191
62195
62199
62202
62203
62205
62208
62209
62215
62216
62218
62221
62225
62227
62228
62233
62234
62236
62238
62239
62242
62251
62252
62256
62257
62259
62262
62265
62266
62267
62272
62273
62275
62276
62277
62278
62280
62288
62291
62293
62294
62295
62296
62297
62300
62301
62302
62303
62304
62306
62307
62308
62309
62310
62311
62312
62316
62318
62319
62320
62321
62325
62330
62331
62332
62333
62334
62335
62337
62338
62339
62341
62342
62344
62345
62347
62348
62349
62352
62354
62355
62356
62357
62358
62359
62360
62362
62363
62366
62369
62371
62372
62373
62375
62377
62378
62379
62380
62382
62383
62385
62386
62388
62389
62390
62393
62394
62396
62397
62398
62399
62400
62401
62402
62403
62404
62405
62406
62412
62414
62417
62418
62419
62423
62424
62425
62426
62428
62431
62432
62433
62438
62439
62440
62443
62445
62448
62449
62453
62454
62456
62457
62458
62461
62463
62465
62466
62470
62472
62474
62475
62476
62477
62480
62484
62485
62487
62488
62489
62491
62493
62496
62498
62499
62502
62504
62506
62507
62508
62509
62510
62513
62514
62516
62517
62518
62519
62520
62521
62526
62528
62529
62533
62538
62539
62540
62541
62542
62543
62544
62545
62549
62552
62558
62559
62560
62561
62562
62565
62566
62567
62568
62569
62570
62571
62572
62574
62575
62576
62577
62578
62579
62581
62586
62587
62588
62590
62591
62593
62595
62597
62598
62599
62600
62601
62602
62603
62609
62610
62611
62612
62613
62618
62619
62620
62627
62629
62633
62634
62635
62637
62638
62639
62641
62642
62643
62644
62646
62647
62648
62649
62653
62654
62656
62657
62660
62662
62664
62667
62671
62672
62676
62680
62681
62682
62683
62686
62688
62690
62691
62694
62695
62698
62699
62702
62705
62706
62708
62710
62711
62712
62714
62715
62718
62720
62722
62732
62733
62736
62738
62739
62742
62743
62745
62746
62747
62750
62754
62756
62759
62760
62761
62762
62765
62767
62768
62769
62772
62773
62775
62778
62786
62790
62791
62792
62798
62799
62801
62802
62804
62805
62806
62809
62810
62811
62812
62813
62814
62817
62818
62819
62820
62821
62822
62824
62826
62834
62835
62836
62837
62838
62839
62840
62842
62843
62845
62853
62854
62857
62858
62861
62862
62863
62866
62867
62869
62870
62871
62873
62874
62877
62879
62880
62882
62884
62885
62887
62888
62889
62892
62893
62896
62897
62900
62902
62903
62904
62906
62908
62909
62911
62914
62915
62918
62921
62923
62925
62927
62928
62929
62933
62935
62937
62941
62942
62943
62944
62946
62953
62954
62955
62958
62960
62961
62962
62970
62972
62973
62976
62979
62980
62982
62983
62986
62987
62993
62994
62995
62996
62997
63000
63001
63002
63003
63004
63005
63006
63007
63008
63009
63011
63012
63013
63014
63015
63016
63017
63018
63019
63020
63021
63022
63023
63024
63027
63028
63029
63030
63031
63032
63033
63034
63035
63036
63037
63038
63039
63040
63041
63043
63044
63045
63046
63047
63048
63049
63050
63051
63052
63053
63054
63055
63056
63058
63059
63061
63063
63064
63065
63066
63067
63068
63069
63070
63071
63073
63074
63075
63076
63077
63078
63079
63080
63081
63082
63083
63084
63085
63086
63088
63089
63090
63091
63092
63093
63094
63095
63096
63097
63098
63099
63101
63102
63103
63104
63105
63106
63107
63108
63110
63111
63112
63114
63115
63116
63118
63119
63120
63121
63122
63123
63124
63125
63126
63127
63128
63129
63131
63133
63134
63135
63136
63137
63138
63139
63140
63141
63142
63143
63144
63145
63147
63148
63149
63150
63153
63155
63156
63157
63158
63159
63160
63161
63162
63163
63165
63166
63167
63168
63169
63170
63171
63172
63173
63174
63175
63176
63177
63178
63179
63180
63181
63182
63183
63184
63186
63187
63188
63189
63190
63191
63194
63195
63196
63197
63198
63199
63200
63201
63202
63203
63206
63211
63212
63213
63214
63215
63216
63218
63219
63220
63221
63223
63224
63226
63227
63229
63230
63231
63232
63233
63236
63237
63238
63239
63240
63241
63242
63243
63244
63245
63246
63247
63248
63249
63250
63251
63253
63254
63256
63257
63258
63259
63262
63263
63264
63265
63266
63267
63268
63269
63271
63272
63273
63274
63275
63276
63277
63278
63279
63280
63281
63282
63283
63284
63286
63287
63288
63289
63291
63294
63295
63296
63297
63305
63306
63308
63310
63312
63313
63315
63316
63317
63319
63320
63321
63322
63324
63325
63326
63327
63328
63329
63330
63331
63332
63333
63335
63338
63339
63340
63341
63342
63343
63345
63347
63348
63349
63351
63352
63353
63354
63355
63356
63358
63359
63360
63361
63362
63363
63366
63367
63368
63369
63370
63371
63372
63373
63374
63375
63376
63377
63378
63379
63380
63381
63382
63383
63384
63385
63386
63387
63388
63392
63394
63395
63396
63397
63398
63399
63400
63402
63403
63404
63405
63406
63407
63408
63409
63410
63411
63412
63413
63414
63415
63416
63417
63418
63421
63422
63423
63425
63427
63428
63429
63431
63432
63433
63434
63435
63436
63437
63438
63439
63440
63444
63445
63446
63447
63448
63449
63450
63451
63452
63454
63455
63457
63458
63459
63460
63463
63464
63465
63466
63467
63468
63469
63470
63471
63472
63473
63474
63475
63477
63478
63479
63480
63481
63482
63483
63484
63485
63486
63487
63488
63489
63490
63491
63492
63493
63494
63495
63496
63497
63499
63501
63502
63504
63509
63512
63516
63519
63522
63523
63524
63525
63526
63527
63528
63529
63530
63531
63532
63533
63534
63537
63538
63539
63540
63541
63542
63543
63544
63545
63547
63548
63551
63552
63553
63554
63555
63556
63558
63559
63560
63561
63562
63563
63564
63565
63569
63570
63571
63572
63573
63574
63575
63576
63577
63578
63579
63580
63581
63582
63583
63584
63586
63587
63588
63590
63591
63592
63594
63595
63596
63597
63598
63599
63600
63601
63602
63603
63604
63605
63606
63607
63608
63609
63610
63611
63612
63613
63614
63615
63616
63617
63618
63619
63620
63621
63622
63623
63624
63625
63626
63627
63628
63629
63630
63636
63644
63645
63646
63647
63649
63650
63651
63653
63654
63655
63656
63657
63658
63659
63660
63661
63664
63667
63668
63669
63670
63671
63672
63673
63674
63675
63676
63677
63678
63680
63681
63682
63683
63685
63686
63688
63693
63694
63695
63696
63697
63698
63699
63700
63701
63702
63703
63704
63705
63706
63707
63708
63709
63710
63711
63713
63714
63716
63717
63718
63719
63721
63722
63724
63725
63726
63727
63728
63729
63730
63731
63733
63736
63739
63741
63742
63743
63744
63746
63748
63750
63751
63752
63753
63754
63755
63756
63759
63762
63763
63765
63766
63768
63769
63770
63771
63772
63774
63776
63777
63779
63780
63781
63782
63783
63785
63786
63787
63788
63789
63790
63791
63792
63793
63794
63796
63797
63798
63799
63800
63802
63803
63804
63805
63806
63807
63808
63809
63810
63811
63812
63813
63814
63815
63816
63818
63819
63820
63822
63823
63824
63826
63827
63829
63830
63831
63832
63833
63836
63837
63838
63839
63840
63841
63843
63844
63845
63846
63848
63849
63854
63855
63858
63859
63860
63861
63862
63871
63874
63875
63877
63878
63879
63880
63881
63882
63883
63884
63885
63886
63887
63888
63889
63890
63891
63893
63894
63895
63903
63916
63917
63918
63919
63920
63921
63922
63923
63924
63925
63927
63939
63941
63942
63944
63945
63946
63948
63949
63950
63952
63954
63955
63956
63958
63959
63960
63961
63962
63963
63964
63965
63966
63967
63968
63969
63970
63971
63973
63974
63975
63976
63977
63978
63979
63980
63981
63982
63983
63985
63986
63987
63988
63989
63990
63991
63992
63993
63994
63995
63996
63997
63998
63999
64000
64002
64004
64005
64006
64007
64008
64009
64010
64011
64017
64019
64020
64022
64023
64024
64026
64028
64030
64031
64032
64033
64035
64036
64037
64038
64039
64040
64042
64043
64044
64045
64046
64047
64048
64049
64050
64051
64052
64053
64054
64055
64056
64057
64058
64059
64060
64061
64063
64064
64065
64066
64067
64073
64074
64075
64076
64077
64078
64079
64080
64081
64082
64083
64084
64085
64087
64088
64089
64090
64091
64092
64093
64095
64096
64097
64098
64099
64100
64104
64105
64106
64107
64108
64109
64111
64112
64113
64115
64116
64117
64118
64119
64120
64121
64122
64123
64124
64126
64127
64128
64129
64130
64133
64134
64135
64136
64137
64138
64139
64140
64141
64142
64144
64147
64148
64149
64150
64151
64152
64153
64154
64155
64156
64157
64158
64159
64162
64164
64166
64167
64169
64170
64171
64172
64174
64175
64176
64177
64178
64180
64181
64182
64183
64184
64185
64186
64190
64191
64196
64198
64201
64202
64203
64204
64205
64206
64211
64212
64213
64216
64218
64219
64220
64221
64223
64224
64225
64226
64227
64228
64229
64230
64231
64232
64234
64236
64238
64239
64241
64242
64243
64244
64246
64248
64249
64250
64251
64258
64259
64260
64261
64263
64264
64265
64266
64267
64268
64269
64271
64274
64275
64276
64277
64278
64279
64280
64281
64282
64283
64285
64286
64287
64288
64289
64290
64291
64292
64293
64296
64298
64299
64300
64302
64304
64306
64307
64308
64309
64310
64314
64316
64317
64321
64322
64323
64324
64327
64328
64329
64330
64331
64332
64333
64334
64335
64336
64337
64338
64339
64340
64341
64342
64343
64344
64346
64347
64348
64349
64351
64352
64353
64354
64355
64356
64357
64358
64359
64360
64361
64362
64366
64367
64368
64371
64373
64375
64376
64377
64381
64382
64383
64384
64385
64387
64388
64389
64390
64392
64395
64397
64398
64399
64401
64402
64405
64406
64407
64408
64410
64411
64412
64413
64415
64416
64417
64418
64419
64420
64422
64424
64425
64426
64427
64428
64429
64431
64432
64433
64434
64435
64436
64437
64438
64439
64440
64441
64442
64444
64445
64446
64448
64449
64450
64451
64452
64453
64454
64455
64457
64458
64460
64464
64465
64466
64467
64468
64469
64470
64471
64472
64473
64474
64475
64476
64478
64479
64480
64481
64482
64486
64487
64488
64489
64490
64491
64493
64496
64497
64498
64499
64500
64502
64503
64505
64506
64507
64508
64510
64511
64514
64515
64516
64517
64518
64519
64521
64522
64524
64526
64527
64528
64529
64530
64532
64533
64536
64537
64538
64539
64541
64542
64543
64544
64545
64546
64547
64548
64549
64550
64551
64552
64554
64555
64557
64559
64560
64561
64562
64563
64564
64565
64566
64568
64570
64571
64573
64575
64576
64577
64578
64579
64580
64581
64582
64583
64584
64585
64586
64587
64588
64590
64592
64593
64594
64595
64596
64598
64599
64600
64601
64602
64603
64605
64606
64608
64611
64612
64613
64615
64616
64617
64618
64619
64620
64623
64625
64626
64627
64628
64630
64631
64632
64635
64637
64639
64640
64641
64643
64644
64645
64647
64650
64651
64653
64654
64655
64656
64658
64659
64660
64662
64663
64664
64666
64668
64669
64670
64671
64672
64673
64674
64676
64677
64678
64679
64680
64683
64685
64686
64689
64691
64692
64693
64694
64696
64698
64699
64701
64704
64705
64706
64707
64708
64709
64711
64712
64713
64714
64716
64717
64719
64720
64723
64724
64725
64726
64728
64729
64730
64731
64732
64733
64734
64735
64736
64738
64739
64740
64741
64742
64743
64744
64745
64746
64748
64749
64750
64751
64752
64753
64755
64757
64758
64759
64760
64761
64762
64764
64766
64767
64768
64769
64770
64771
64772
64774
64776
64777
64778
64779
64780
64782
64784
64785
64786
64788
64789
64790
64791
64792
64793
64794
64795
64798
64799
64800
64801
64802
64804
64809
64810
64811
64812
64813
64814
64815
64816
64817
64818
64819
64820
64822
64823
64827
64828
64829
64831
64832
64833
64834
64835
64836
64837
64838
64839
64840
64844
64845
64846
64847
64848
64849
64850
64851
64852
64854
64855
64856
64857
64858
64863
64866
64867
64869
64871
64872
64873
64874
64875
64876
64877
64879
64880
64881
64882
64884
64885
64886
64887
64889
64890
64891
64892
64893
64894
64896
64897
64902
64905
64909
64911
64912
64913
64914
64915
64916
64917
64919
64920
64922
64923
64924
64925
64926
64927
64928
64929
64930
64931
64932
64934
64935
64936
64937
64938
64939
64940
64941
64946
64950
64952
64953
64954
64955
64956
64957
64958
64960
64961
64963
64964
64965
64966
64967
64968
64969
64970
64971
64972
64973
64974
64975
64976
64977
64978
64979
64980
64981
64983
64986
64987
64988
64989
64990
64991
64993
64994
64995
64996
64997
65000
65001
65004
65005
65006
65007
65008
65009
65010
65011
65014
65016
65021
65022
65023
65025
65026
65027
65028
65030
65031
65032
65033
65035
65036
65038
65041
65047
65048
65049
65050
65051
65052
65053
65058
65059
65061
65062
65063
65064
65065
65066
65068
65071
65075
65079
65080
65081
65082
65083
65084
65086
65087
65090
65091
65092
65094
65097
65098
65099
65100
65101
65102
65103
65105
65106
65109
65110
65111
65113
65114
65115
65116
65117
65118
65120
65121
65123
65127
65129
65131
65133
65135
65136
65137
65138
65139
65140
65141
65143
65146
65147
65148
65152
65153
65156
65157
65158
65160
65161
65162
65163
65164
65165
65167
65168
65169
65170
65171
65172
65173
65174
65175
65176
65177
65178
65179
65180
65182
65183
65184
65187
65189
65190
65191
65193
65194
65195
65196
65197
65198
65200
65201
65202
65203
65204
65205
65206
65207
65208
65210
65211
65212
65213
65214
65215
65218
65219
65220
65221
65223
65224
65225
65229
65230
65231
65232
65233
65234
65236
65237
65241
65243
65245
65246
65250
65251
65252
65253
65254
65255
65256
65258
65262
65264
65266
65267
65268
65270
65271
65272
65274
65275
65276
65277
65278
65279
65281
65283
65284
65286
65289
65290
65291
65292
65294
65295
65296
65298
65299
65300
65301
65303
65307
65308
65310
65311
65314
65316
65320
65322
65323
65324
65325
65327
65328
65330
65331
65332
65338
65341
65342
65344
65345
65347
65349
65350
65351
65352
65353
65354
65356
65361
65362
65363
65364
65365
65369
65370
65371
65372
65373
65374
65375
65376
65377
65379
65380
65383
65385
65386
65392
65393
65394
65398
65399
65401
65403
65404
65411
65412
65413
65414
65415
65416
65417
65418
65419
65421
65422
65424
65425
65426
65427
65428
65429
65430
65431
65432
65433
65437
65438
65439
65442
65443
65444
65446
65447
65449
65451
65452
65453
65454
65456
65457
65458
65460
65461
65462
65463
65464
65465
65466
65471
65472
65473
65474
65476
65479
65480
65482
65483
65484
65485
65486
65487
65488
65489
65490
65491
65492
65493
65495
65496
65497
65500
65501
65502
65503
65504
65505
65507
65509
65510
65511
65513
65514
65515
65516
65517
65519
65520
65521
65523
65525
65527
65528
65529
65530
65531
65532
65533
65534
65535
65536
65537
65538
65539
65540
65541
65543
65547
65548
65550
65552
65553
65555
65556
65557
65559
65562
65564
65565
65567
65568
65570
65571
65572
65575
65576
65578
65579
65580
65581
65582
65584
65585
65586
65587
65588
65589
65590
65591
65592
65593
65594
65595
65596
65597
65599
65600
65601
65602
65603
65605
65606
65607
65609
65611
65612
65613
65614
65615
65617
65618
65621
65622
65624
65625
65626
65627
65628
65629
65630
65631
65632
65634
65635
65637
65639
65640
65641
65642
65643
65645
65646
65647
65649
65650
65651
65652
65653
65654
65655
65657
65658
65659
65660
65662
65663
65664
65667
65669
65670
65671
65672
65676
65677
65678
65679
65680
65681
65683
65684
65685
65686
65687
65688
65689
65692
65693
65694
65695
65697
65698
65699
65702
65703
65705
65706
65708
65709
65710
65711
65712
65713
65714
65715
65720
65725
65727
65728
65730
65732
65733
65735
65736
65737
65738
65739
65740
65742
65743
65745
65746
65747
65748
65749
65750
65751
65752
65753
65754
65755
65756
65757
65759
65760
65761
65763
65764
65765
65766
65767
65768
65770
65771
65773
65774
65775
65776
65777
65778
65779
65781
65782
65783
65784
65786
65787
65791
65792
65793
65794
65795
65798
65800
65801
65804
65805
65806
65807
65808
65809
65810
65811
65812
65813
65814
65815
65817
65818
65819
65820
65821
65823
65824
65825
65826
65827
65828
65829
65831
65832
65833
65834
65836
65837
65840
65841
65842
65843
65844
65845
65846
65847
65848
65850
65851
65852
65853
65855
65856
65857
65858
65859
65860
65866
65867
65868
65869
65870
65871
65872
65874
65876
65877
65879
65880
65881
65883
65884
65885
65887
65890
65891
65892
65893
65894
65896
65898
65899
65900
65901
65902
65903
65904
65905
65907
65908
65909
65910
65912
65913
65914
65916
65918
65919
65920
65921
65922
65923
65924
65926
65928
65930
65931
65933
65936
65939
65940
65942
65944
65945
65946
65947
65948
65949
65952
65955
65956
65957
65958
65960
65961
65962
65963
65964
65965
65966
65967
65968
65969
65970
65971
65972
65974
65975
65976
65977
65979
65980
65981
65985
65987
65988
65989
65991
65992
65996
65997
65999
66000
66002
66003
66004
66006
66007
66008
66010
66012
66013
66014
66016
66017
66020
66021
66022
66023
66024
66025
66027
66028
66029
66030
66032
66035
66036
66037
66038
66039
66040
66041
66042
66043
66044
66045
66046
66047
66048
66049
66050
66051
66053
66054
66055
66056
66057
66058
66059
66060
66061
66062
66063
66065
66066
66068
66069
66073
66074
66076
66079
66080
66081
66082
66083
66085
66086
66090
66091
66092
66093
66096
66101
66102
66103
66104
66105
66107
66108
66111
66112
66113
66115
66116
66118
66119
66120
66121
66122
66123
66124
66125
66131
66137
66138
66139
66140
66143
66144
66145
66146
66147
66148
66149
66150
66151
66152
66153
66156
66157
66159
66160
66161
66162
66163
66164
66165
66166
66167
66168
66169
66170
66172
66173
66175
66177
66178
66179
66180
66182
66183
66184
66185
66188
66193
66197
66200
66201
66202
66205
66206
66207
66212
66213
66214
66215
66216
66217
66218
66219
66220
66224
66225
66226
66227
66228
66229
66230
66235
66236
66237
66238
66239
66240
66241
66242
66243
66245
66246
66247
66248
66249
66250
66252
66253
66254
66255
66256
66258
66259
66260
66261
66262
66263
66264
66268
66269
66270
66272
66273
66275
66277
66278
66280
66281
66283
66284
66285
66286
66287
66288
66289
66290
66291
66292
66293
66294
66295
66296
66297
66298
66300
66301
66302
66304
66305
66306
66307
66308
66310
66311
66312
66315
66317
66319
66320
66322
66323
66324
66326
66327
66328
66330
66331
66332
66333
66334
66335
66337
66338
66340
66341
66342
66343
66344
66345
66346
66347
66348
66349
66350
66354
66355
66358
66359
66360
66361
66362
66364
66366
66367
66369
66370
66371
66372
66373
66375
66376
66377
66378
66379
66380
66381
66382
66384
66387
66388
66389
66390
66391
66392
66393
66395
66396
66397
66398
66399
66400
66401
66402
66403
66404
66406
66407
66408
66409
66410
66411
66412
66414
66416
66417
66418
66419
66420
66422
66424
66425
66427
66428
66429
66430
66432
66433
66435
66444
66445
66449
66451
66452
66454
66455
66456
66457
66458
66460
66461
66463
66469
66470
66472
66474
66476
66477
66478
66479
66480
66482
66483
66484
66485
66486
66488
66489
66492
66494
66495
66496
66497
66498
66499
66500
66502
66503
66504
66505
66506
66507
66508
66510
66511
66513
66514
66515
66516
66517
66518
66519
66522
66523
66524
66525
66526
66528
66530
66531
66535
66536
66539
66540
66541
66542
66543
66544
66545
66546
66547
66548
66550
66551
66553
66554
66557
66558
66559
66560
66561
66562
66563
66565
66566
66568
66569
66570
66571
66572
66573
66575
66576
66577
66579
66580
66581
66583
66584
66585
66586
66587
66588
66589
66590
66591
66592
66595
66597
66599
66602
66605
66606
66609
66611
66612
66613
66614
66619
66621
66622
66624
66625
66626
66627
66628
66629
66630
66631
66632
66635
66636
66638
66639
66640
66642
66644
66647
66649
66650
66651
66652
66654
66655
66656
66658
66659
66661
66662
66663
66664
66665
66666
66668
66669
66670
66671
66673
66674
66675
66676
66677
66678
66682
66683
66684
66686
66687
66688
66689
66691
66692
66693
66694
66695
66697
66698
66699
66701
66702
66703
66704
66705
66706
66707
66709
66710
66711
66713
66714
66715
66716
66718
66719
66720
66721
66723
66724
66725
66726
66727
66728
66729
66730
66731
66732
66733
66734
66735
66736
66737
66738
66739
66740
66742
66745
66746
66747
66748
66749
66750
66751
66752
66753
66754
66755
66756
66758
66759
66760
66762
66763
66764
66765
66767
66768
66771
66773
66783
66784
66785
66790
66796
66797
66798
66799
66800
66801
66804
66805
66806
66807
66808
66812
66819
66824
66836
66838
66843
66846
66847
66848
66850
66851
66852
66853
66854
66855
66857
66859
66860
66861
66862
66863
66864
66865
66868
66869
66870
66871
66874
66876
66877
66881
66882
66883
66884
66885
66886
66887
66888
66889
66890
66891
66892
66896
66897
66898
66899
66900
66901
66902
66903
66904
66905
66906
66907
66911
66913
66915
66918
66919
66920
66921
66922
66923
66924
66925
66926
66928
66929
66930
66932
66933
66934
66935
66936
66937
66939
66940
66941
66942
66943
66944
66945
66947
66948
66950
66951
66956
66957
66958
66959
66962
66963
66966
66967
66968
66970
66971
66972
66973
66976
66978
66982
66983
66985
66986
66987
66988
66989
66990
66991
66993
66995
66996
66998
66999
67000
67001
67002
67003
67004
67005
67006
67008
67009
67011
67012
67013
67014
67015
67016
67017
67018
67022
67024
67025
67026
67027
67029
67030
67032
67033
67034
67035
67036
67037
67042
67045
67046
67050
67052
67053
67054
67055
67056
67059
67060
67062
67063
67065
67067
67068
67071
67074
67075
67076
67078
67079
67080
67081
67082
67084
67085
67088
67089
67090
67091
67093
67094
67095
67096
67097
67098
67099
67100
67101
67102
67103
67104
67105
67106
67107
67108
67113
67115
67116
67117
67118
67119
67120
67121
67122
67123
67124
67125
67126
67127
67130
67133
67134
67135
67136
67137
67138
67139
67141
67143
67144
67145
67146
67150
67151
67155
67159
67161
67162
67163
67164
67166
67167
67168
67169
67170
67171
67174
67175
67176
67178
67179
67180
67181
67182
67184
67185
67186
67189
67191
67192
67193
67198
67200
67201
67203
67206
67209
67210
67212
67214
67217
67218
67219
67220
67221
67222
67223
67224
67226
67227
67228
67230
67231
67233
67238
67240
67241
67242
67243
67244
67245
67246
67248
67249
67250
67251
67253
67254
67255
67256
67257
67258
67259
67260
67261
67262
67263
67265
67268
67270
67272
67273
67275
67279
67280
67282
67283
67284
67285
67286
67287
67288
67289
67290
67291
67292
67293
67294
67295
67297
67298
67299
67301
67302
67303
67304
67306
67307
67308
67311
67312
67314
67317
67318
67320
67321
67323
67324
67325
67326
67327
67328
67329
67330
67331
67332
67333
67334
67335
67337
67338
67339
67340
67341
67342
67343
67345
67346
67347
67348
67351
67352
67355
67356
67357
67358
67360
67361
67362
67363
67365
67366
67367
67369
67372
67373
67374
67375
67376
67377
67378
67379
67381
67385
67387
67388
67389
67390
67391
67392
67393
67394
67395
67396
67399
67400
67401
67402
67403
67405
67407
67408
67409
67410
67411
67412
67413
67414
67415
67416
67417
67418
67419
67420
67421
67422
67423
67425
67426
67428
67429
67430
67432
67433
67434
67437
67438
67439
67440
67441
67442
67452
67453
67455
67457
67458
67459
67460
67461
67462
67463
67464
67466
67467
67470
67471
67472
67473
67474
67475
67476
67478
67479
67480
67481
67482
67483
67484
67485
67486
67487
67488
67489
67490
67491
67492
67494
67496
67497
67498
67499
67501
67502
67503
67504
67505
67506
67508
67509
67510
67511
67512
67513
67514
67517
67519
67520
67521
67522
67523
67525
67526
67528
67529
67530
67531
67532
67533
67534
67535
67536
67537
67538
67539
67540
67541
67542
67543
67544
67545
67546
67547
67548
67549
67550
67551
67552
67553
67554
67555
67557
67558
67560
67561
67563
67564
67565
67566
67567
67568
67570
67571
67573
67574
67575
67576
67578
67579
67580
67582
67583
67585
67588
67589
67592
67594
67596
67597
67598
67599
67600
67601
67602
67603
67604
67605
67606
67608
67609
67610
67611
67612
67614
67615
67617
67618
67619
67620
67621
67623
67625
67626
67628
67630
67631
67634
67637
67638
67640
67641
67642
67643
67644
67645
67646
67648
67649
67650
67651
67652
67653
67654
67655
67658
67664
67666
67669
67670
67674
67680
67681
67682
67683
67684
67685
67686
67687
67689
67690
67692
67695
67700
67701
67706
67707
67709
67710
67712
67713
67714
67715
67716
67717
67719
67720
67721
67722
67723
67724
67725
67727
67728
67729
67730
67731
67732
67733
67734
67735
67736
67737
67738
67739
67740
67744
67745
67747
67748
67749
67750
67752
67753
67755
67756
67757
67761
67762
67763
67764
67765
67766
67767
67768
67769
67770
67771
67773
67774
67776
67777
67778
67779
67780
67783
67784
67785
67786
67789
67792
67793
67794
67795
67796
67797
67798
67799
67800
67802
67804
67805
67806
67807
67810
67812
67813
67814
67815
67819
67821
67822
67823
67824
67826
67827
67828
67829
67830
67833
67834
67835
67836
67838
67840
67842
67843
67844
67845
67846
67847
67849
67850
67851
67852
67853
67854
67856
67858
67859
67860
67861
67862
67863
67865
67867
67868
67869
67870
67871
67872
67873
67874
67875
67877
67878
67879
67880
67881
67882
67883
67884
67885
67886
67888
67889
67890
67891
67892
67893
67894
67895
67896
67897
67899
67902
67903
67904
67905
67906
67909
67910
67911
67912
67913
67914
67915
67916
67917
67918
67919
67920
67923
67928
67929
67931
67932
67933
67934
67935
67937
67940
67942
67943
67944
67949
67951
67952
67953
67954
67955
67957
67958
67959
67960
67961
67962
67963
67964
67965
67967
67969
67970
67971
67972
67973
67974
67975
67976
67977
67978
67980
67981
67982
67983
67984
67985
67986
67987
67988
67989
67990
67991
67992
67993
67994
67995
67996
67999
68000
68001
68004
68005
68006
68007
68008
68009
68011
68012
68014
68015
68016
68017
68018
68019
68020
68021
68022
68023
68026
68027
68028
68029
68030
68031
68034
68035
68036
68037
68038
68039
68040
68041
68042
68043
68046
68047
68048
68049
68050
68051
68052
68054
68055
68056
68057
68058
68059
68062
68063
68064
68065
68069
68071
68072
68073
68074
68075
68077
68078
68082
68084
68085
68090
68096
68097
68098
68099
68100
68101
68102
68103
68104
68105
68106
68107
68108
68109
68111
68112
68115
68117
68118
68121
68122
68123
68125
68127
68129
68130
68131
68132
68133
68134
68135
68137
68138
68139
68140
68141
68143
68144
68145
68146
68147
68148
68149
68150
68151
68152
68153
68154
68155
68156
68158
68159
68160
68162
68163
68164
68165
68167
68168
68169
68170
68171
68172
68173
68174
68176
68177
68178
68180
68181
68183
68184
68185
68187
68188
68189
68190
68191
68192
68194
68195
68196
68197
68198
68199
68200
68201
68202
68204
68205
68207
68208
68209
68211
68215
68216
68217
68218
68219
68220
68221
68222
68223
68225
68226
68227
68229
68230
68233
68234
68238
68239
68240
68241
68244
68246
68249
68250
68251
68252
68254
68255
68257
68259
68260
68261
68262
68264
68265
68266
68267
68268
68269
68270
68271
68272
68273
68274
68275
68277
68279
68280
68281
68282
68285
68294
68296
68297
68298
68299
68301
68302
68303
68304
68305
68306
68307
68309
68310
68311
68314
68315
68316
68318
68319
68321
68322
68323
68324
68325
68326
68327
68328
68329
68330
68331
68332
68334
68335
68338
68342
68343
68344
68345
68346
68348
68349
68353
68354
68355
68358
68359
68362
68363
68364
68366
68367
68368
68369
68370
68372
68373
68374
68375
68376
68377
68379
68386
68389
68390
68391
68393
68394
68395
68396
68398
68399
68400
68401
68411
68415
68416
68418
68419
68420
68421
68422
68428
68432
68437
68438
68439
68441
68442
68443
68444
68445
68446
68447
68448
68449
68450
68457
68459
68461
68463
68464
68465
68466
68468
68469
68470
68471
68472
68473
68474
68475
68476
68478
68480
68481
68482
68483
68485
68486
68487
68488
68489
68491
68493
68495
68496
68497
68498
68500
68501
68503
68504
68505
68506
68508
68509
68510
68511
68512
68513
68514
68515
68516
68517
68519
68520
68521
68522
68523
68524
68525
68526
68528
68529
68530
68531
68532
68533
68538
68541
68542
68543
68544
68545
68546
68548
68549
68551
68552
68553
68554
68555
68556
68558
68559
68560
68561
68562
68563
68565
68566
68568
68569
68571
68572
68573
68575
68578
68579
68580
68582
68583
68584
68585
68587
68592
68593
68594
68597
68598
68599
68601
68602
68604
68605
68607
68608
68609
68610
68611
68612
68613
68614
68615
68619
68620
68621
68622
68623
68624
68625
68626
68628
68629
68630
68633
68634
68635
68636
68639
68641
68643
68644
68646
68653
68654
68655
68656
68659
68660
68663
68664
68665
68666
68668
68669
68671
68672
68673
68674
68675
68676
68677
68678
68679
68680
68682
68683
68684
68685
68688
68689
68690
68691
68692
68693
68694
68695
68698
68699
68701
68702
68704
68705
68707
68709
68710
68711
68712
68714
68715
68718
68720
68722
68723
68724
68725
68726
68728
68729
68730
68731
68734
68736
68737
68738
68739
68740
68741
68744
68745
68746
68747
68748
68749
68750
68751
68752
68753
68754
68755
68756
68757
68758
68759
68761
68773
68775
68776
68779
68780
68781
68782
68786
68787
68788
68789
68790
68791
68792
68793
68794
68795
68796
68797
68798
68799
68802
68804
68805
68806
68807
68808
68810
68811
68812
68814
68815
68818
68819
68821
68822
68823
68826
68827
68830
68831
68832
68833
68834
68835
68838
68839
68840
68841
68842
68843
68846
68847
68851
68852
68854
68857
68859
68860
68861
68862
68863
68864
68868
68869
68871
68872
68873
68874
68875
68877
68879
68880
68881
68882
68884
68886
68887
68888
68889
68890
68891
68892
68894
68895
68896
68897
68898
68899
68901
68902
68903
68904
68905
68906
68907
68908
68909
68911
68913
68914
68915
68916
68917
68919
68920
68921
68922
68924
68925
68928
68929
68930
68931
68932
68934
68935
68937
68938
68941
68944
68945
68947
68949
68950
68951
68952
68953
68954
68955
68956
68958
68959
68960
68961
68962
68963
68964
68965
68966
68967
68968
68969
68970
68972
68973
68974
68975
68976
68977
68978
68983
68984
68985
68987
68988
68989
68990
68991
68992
68993
68994
68996
68997
68998
68999
69000
69001
69002
69003
69004
69007
69009
69010
69011
69012
69013
69014
69015
69016
69018
69020
69021
69022
69023
69024
69025
69026
69027
69028
69030
69032
69033
69035
69038
69039
69040
69046
69047
69048
69053
69055
69057
69058
69059
69060
69061
69062
69063
69066
69069
69070
69072
69073
69075
69077
69078
69082
69085
69086
69088
69089
69090
69092
69096
69097
69098
69099
69100
69102
69103
69104
69108
69110
69111
69112
69113
69114
69115
69116
69117
69118
69119
69120
69121
69122
69123
69125
69126
69127
69129
69131
69132
69133
69134
69135
69136
69138
69139
69142
69147
69148
69149
69150
69151
69152
69153
69154
69155
69157
69158
69159
69160
69161
69163
69164
69165
69166
69168
69169
69170
69175
69176
69177
69178
69179
69182
69185
69186
69188
69189
69190
69191
69192
69194
69196
69197
69200
69201
69203
69204
69205
69206
69207
69209
69210
69216
69218
69219
69221
69222
69223
69224
69225
69226
69227
69229
69230
69232
69234
69235
69236
69237
69238
69239
69240
69241
69242
69243
69245
69247
69248
69249
69250
69251
69252
69254
69255
69260
69264
69265
69266
69267
69268
69269
69273
69277
69279
69281
69282
69283
69285
69286
69288
69289
69293
69296
69301
69303
69304
69305
69306
69307
69308
69309
69310
69313
69314
69316
69318
69321
69323
69332
69333
69334
69335
69336
69339
69344
69346
69347
69349
69350
69351
69352
69353
69354
69355
69357
69359
69363
69364
69365
69366
69368
69369
69370
69371
69376
69377
69380
69383
69386
69389
69390
69393
69394
69395
69396
69398
69399
69401
69402
69403
69404
69405
69406
69407
69408
69409
69410
69411
69412
69413
69414
69415
69417
69418
69421
69422
69424
69425
69428
69429
69430
69431
69432
69433
69434
69437
69438
69443
69444
69445
69446
69447
69449
69451
69452
69454
69457
69458
69461
69462
69463
69464
69465
69467
69468
69469
69470
69471
69473
69474
69477
69478
69479
69480
69481
69482
69483
69484
69487
69488
69489
69490
69491
69492
69493
69495
69498
69500
69501
69503
69504
69505
69506
69507
69508
69509
69510
69511
69512
69516
69517
69518
69519
69522
69523
69524
69525
69526
69527
69528
69529
69532
69533
69534
69535
69536
69537
69539
69541
69550
69552
69553
69554
69557
69558
69559
69560
69562
69563
69564
69565
69566
69568
69569
69571
69572
69573
69574
69575
69576
69577
69578
69579
69580
69581
69582
69583
69585
69586
69587
69588
69589
69590
69591
69592
69593
69594
69595
69596
69597
69598
69600
69601
69602
69603
69604
69605
69606
69607
69608
69609
69611
69612
69613
69615
69618
69620
69622
69623
69624
69625
69626
69627
69628
69630
69631
69632
69633
69634
69636
69639
69640
69643
69644
69646
69648
69649
69650
69651
69653
69654
69655
69657
69658
69659
69660
69661
69662
69663
69665
69668
69669
69670
69671
69672
69674
69675
69676
69677
69680
69682
69684
69685
69687
69688
69689
69690
69691
69692
69693
69697
69699
69700
69701
69703
69704
69705
69706
69707
69708
69709
69712
69713
69714
69715
69716
69717
69718
69721
69723
69724
69725
69727
69728
69729
69730
69731
69732
69733
69736
69737
69738
69739
69742
69744
69745
69746
69747
69750
69751
69752
69754
69758
69760
69761
69762
69763
69764
69765
69768
69769
69770
69772
69774
69779
69782
69783
69784
69785
69786
69787
69788
69789
69790
69792
69793
69796
69798
69800
69801
69802
69803
69804
69805
69806
69807
69808
69809
69810
69812
69813
69814
69815
69816
69817
69818
69819
69820
69821
69822
69823
69825
69826
69827
69828
69829
69830
69831
69832
69833
69834
69835
69836
69840
69841
69842
69843
69845
69846
69847
69848
69849
69850
69851
69852
69853
69854
69857
69860
69861
69864
69866
69869
69870
69871
69872
69873
69874
69875
69876
69877
69878
69879
69881
69882
69883
69887
69889
69893
69894
69895
69896
69898
69899
69900
69902
69903
69908
69909
69910
69912
69913
69915
69916
69920
69921
69923
69925
69928
69929
69930
69931
69932
69933
69934
69935
69936
69937
69938
69939
69940
69941
69942
69943
69944
69945
69946
69949
69950
69951
69957
69958
69960
69961
69962
69964
69965
69966
69972
69974
69978
69980
69981
69982
69983
69984
69985
69986
69988
69989
69990
69991
69992
69995
69996
70000
70001
70003
70004
70005
70008
70010
70011
70012
70014
70018
70019
70020
70021
70023
70025
70028
70029
70038
70039
70040
70041
70043
70044
70046
70047
70048
70049
70050
70051
70053
70054
70055
70058
70059
70061
70068
70069
70070
70072
70073
70074
70075
70078
70079
70082
70084
70085
70086
70088
70090
70091
70092
70095
70096
70097
70098
70099
70100
70101
70102
70103
70104
70105
70106
70108
70111
70112
70113
70114
70116
70118
70119
70120
70122
70123
70125
70126
70127
70128
70131
70132
70135
70137
70139
70140
70141
70143
70144
70145
70146
70147
70148
70149
70152
70153
70155
70156
70158
70159
70160
70162
70163
70164
70165
70166
70167
70168
70175
70177
70178
70179
70180
70181
70182
70183
70184
70191
70192
70194
70195
70198
70207
70208
70209
70210
70212
70213
70214
70215
70218
70219
70221
70222
70223
70225
70226
70227
70229
70232
70233
70234
70235
70239
70240
70241
70242
70243
70244
70245
70246
70247
70248
70249
70251
70253
70257
70259
70261
70263
70264
70265
70266
70267
70268
70269
70271
70273
70274
70275
70276
70277
70278
70279
70280
70281
70282
70283
70285
70286
70287
70289
70290
70291
70292
70293
70296
70297
70299
70300
70301
70308
70310
70313
70318
70322
70323
70324
70328
70332
70333
70336
70340
70344
70345
70347
70348
70349
70350
70351
70352
70353
70355
70357
70360
70361
70362
70363
70364
70365
70366
70367
70368
70370
70371
70373
70374
70375
70376
70378
70379
70380
70382
70383
70384
70385
70386
70387
70388
70389
70391
70392
70394
70395
70399
70401
70403
70404
70405
70406
70409
70410
70411
70413
70415
70416
70417
70418
70419
70420
70422
70423
70424
70425
70426
70427
70428
70430
70431
70433
70434
70437
70438
70439
70441
70442
70443
70444
70445
70447
70449
70450
70451
70452
70453
70454
70457
70458
70459
70461
70462
70463
70464
70466
70467
70468
70469
70470
70471
70476
70478
70480
70481
70482
70483
70484
70485
70486
70487
70488
70489
70490
70491
70492
70493
70494
70495
70497
70498
70499
70500
70501
70502
70504
70506
70507
70509
70511
70512
70514
70515
70517
70519
70520
70523
70524
70525
70527
70529
70534
70538
70539
70540
70543
70544
70545
70547
70549
70551
70554
70555
70561
70562
70563
70564
70565
70566
70568
70569
70570
70571
70572
70573
70574
70575
70577
70578
70579
70580
70581
70582
70583
70584
70587
70589
70590
70592
70593
70594
70595
70597
70598
70599
70600
70602
70603
70605
70606
70607
70608
70609
70610
70611
70612
70613
70615
70616
70618
70619
70623
70624
70625
70626
70627
70628
70632
70635
70636
70637
70639
70640
70642
70643
70645
70646
70647
70649
70650
70655
70656
70657
70658
70659
70660
70661
70664
70667
70668
70669
70670
70671
70672
70673
70674
70675
70676
70678
70679
70680
70683
70684
70685
70686
70688
70689
70691
70694
70695
70697
70698
70699
70700
70701
70702
70703
70704
70705
70707
70710
70711
70714
70717
70718
70719
70720
70721
70723
70724
70726
70727
70728
70731
70732
70733
70734
70735
70736
70737
70738
70742
70746
70751
70753
70754
70755
70756
70758
70760
70761
70762
70763
70764
70765
70766
70767
70769
70772
70775
70777
70778
70779
70781
70782
70784
70785
70788
70789
70792
70793
70794
70795
70796
70797
70798
70799
70800
70801
70802
70805
70806
70807
70808
70809
70813
70816
70817
70819
70820
70821
70822
70823
70824
70827
70828
70829
70832
70833
70834
70837
70838
70841
70842
70844
70845
70846
70847
70848
70850
70851
70852
70853
70854
70855
70856
70857
70859
70860
70861
70863
70864
70865
70866
70867
70868
70869
70871
70873
70875
70876
70877
70878
70879
70880
70881
70883
70884
70886
70888
70889
70890
70891
70892
70893
70895
70897
70898
70899
70900
70901
70902
70903
70904
70905
70906
70907
70909
70910
70911
70912
70913
70915
70916
70917
70918
70920
70921
70922
70923
70924
70925
70926
70927
70928
70929
70930
70931
70932
70938
70939
70940
70941
70942
70943
70944
70945
70948
70949
70951
70952
70953
70954
70955
70956
70957
70958
70959
70961
70962
70965
70966
70967
70968
70969
70970
70971
70972
70973
70974
70976
70977
70978
70979
70980
70981
70982
70983
70984
70985
70986
70987
70989
70990
70992
70993
70994
70999
71000
71001
71002
71003
71005
71006
71007
71008
71009
71010
71011
71012
71013
71015
71019
71020
71021
71022
71023
71025
71027
71028
71029
71030
71034
71035
71036
71038
71040
71041
71042
71043
71044
71045
71046
71048
71049
71051
71052
71053
71054
71055
71056
71058
71059
71060
71063
71065
71068
71069
71070
71071
71072
71073
71074
71075
71077
71078
71080
71081
71085
71086
71087
71089
71090
71091
71092
71093
71094
71095
71096
71098
71099
71100
71101
71105
71106
71107
71109
71110
71112
71113
71117
71118
71119
71121
71122
71123
71124
71125
71126
71127
71128
71129
71130
71131
71133
71134
71136
71138
71141
71144
71145
71147
71148
71149
71150
71151
71152
71154
71158
71159
71160
71162
71163
71166
71170
71171
71172
71174
71175
71177
71179
71180
71181
71182
71183
71184
71185
71186
71187
71188
71191
71194
71195
71197
71198
71200
71201
71202
71204
71205
71206
71207
71208
71209
71210
71213
71214
71215
71217
71218
71219
71220
71221
71222
71223
71225
71226
71229
71234
71235
71239
71240
71243
71244
71246
71247
71248
71249
71250
71252
71253
71254
71258
71260
71261
71263
71264
71266
71267
71268
71269
71270
71273
71275
71276
71277
71278
71279
71280
71283
71285
71286
71287
71288
71290
71291
71295
71297
71300
71301
71302
71303
71305
71306
71307
71316
71317
71318
71320
71322
71323
71324
71325
71326
71327
71328
71329
71335
71338
71340
71342
71344
71345
71346
71347
71352
71354
71356
71357
71359
71361
71362
71363
71365
71366
71367
71369
71370
71371
71372
71373
71374
71375
71388
71389
71390
71391
71392
71393
71395
71396
71397
71398
71399
71401
71402
71403
71404
71405
71407
71409
71410
71412
71414
71417
71418
71420
71422
71423
71424
71425
71426
71429
71430
71432
71433
71434
71435
71436
71437
71438
71439
71440
71441
71442
71443
71444
71445
71447
71450
71451
71452
71455
71457
71458
71459
71462
71463
71465
71467
71468
71469
71470
71473
71476
71477
71480
71481
71482
71483
71484
71485
71486
71488
71490
71491
71492
71493
71494
71495
71496
71497
71498
71500
71501
71502
71503
71506
71508
71510
71514
71517
71518
71519
71520
71521
71522
71523
71524
71527
71529
71530
71531
71532
71533
71534
71535
71537
71538
71540
71541
71542
71543
71544
71547
71549
71552
71553
71554
71555
71556
71557
71558
71559
71560
71561
71563
71564
71565
71567
71569
71570
71571
71572
71573
71574
71576
71577
71578
71581
71582
71583
71584
71585
71586
71587
71589
71590
71592
71593
71594
71595
71596
71597
71598
71599
71600
71601
71602
71603
71604
71605
71606
71607
71608
71609
71612
71613
71614
71616
71617
71618
71620
71621
71622
71623
71624
71625
71626
71627
71628
71629
71630
71633
71635
71638
71639
71640
71641
71646
71649
71654
71655
71657
71658
71659
71660
71661
71662
71664
71665
71666
71667
71668
71669
71670
71673
71674
71675
71678
71679
71680
71681
71683
71686
71687
71688
71691
71692
71693
71694
71695
71696
71697
71698
71699
71701
71702
71703
71704
71705
71706
71707
71708
71711
71712
71713
71714
71715
71716
71717
71718
71719
71720
71721
71722
71723
71724
71726
71727
71728
71729
71730
71731
71732
71734
71736
71738
71743
71745
71746
71748
71749
71751
71752
71753
71756
71758
71759
71760
71761
71762
71763
71764
71768
71769
71770
71772
71773
71774
71775
71776
71778
71779
71780
71781
71783
71786
71787
71788
71789
71790
71791
71793
71794
71795
71796
71797
71798
71799
71800
71801
71802
71804
71805
71806
71808
71809
71810
71811
71812
71813
71814
71815
71816
71818
71820
71821
71822
71823
71824
71829
71835
71836
71839
71845
71847
71849
71850
71851
71852
71853
71854
71855
71856
71857
71859
71860
71864
71869
71870
71871
71872
71874
71875
71877
71878
71879
71880
71881
71882
71883
71884
71885
71887
71890
71893
71894
71896
71897
71899
71900
71901
71902
71903
71904
71906
71908
71911
71912
71914
71916
71919
71920
71921
71922
71923
71924
71927
71929
71930
71931
71932
71934
71935
71937
71941
71943
71944
71946
71947
71948
71950
71951
71954
71955
71962
71963
71964
71966
71967
71968
71969
71971
71972
71973
71974
71976
71978
71979
71981
71982
71983
71984
71985
71986
71987
71989
71990
71991
71992
71993
71994
71995
71996
71997
71998
72000
72001
72003
72005
72006
72007
72008
72009
72011
72013
72015
72016
72017
72018
72019
72020
72021
72023
72024
72025
72026
72027
72028
72029
72030
72031
72032
72034
72035
72036
72037
72038
72039
72040
72041
72042
72043
72045
72046
72047
72048
72050
72051
72052
72053
72054
72055
72056
72058
72059
72061
72062
72063
72064
72065
72066
72067
72068
72070
72071
72073
72074
72075
72076
72077
72079
72080
72081
72082
72084
72085
72086
72087
72088
72089
72090
72091
72092
72093
72095
72096
72097
72098
72099
72100
72102
72104
72105
72106
72108
72109
72111
72112
72113
72114
72115
72118
72119
72120
72121
72122
72126
72127
72128
72129
72130
72132
72133
72136
72137
72138
72139
72140
72141
72142
72143
72144
72145
72146
72147
72148
72149
72150
72151
72152
72153
72154
72155
72157
72158
72159
72160
72162
72163
72164
72165
72167
72168
72169
72171
72172
72174
72175
72176
72177
72178
72179
72180
72181
72182
72183
72184
72188
72190
72191
72192
72193
72194
72195
72196
72197
72201
72202
72203
72205
72207
72208
72210
72211
72212
72214
72215
72216
72217
72219
72220
72221
72222
72224
72225
72229
72230
72236
72240
72241
72243
72244
72247
72248
72249
72250
72251
72252
72253
72256
72261
72262
72264
72265
72266
72269
72270
72271
72272
72273
72274
72275
72278
72279
72280
72281
72282
72283
72285
72286
72287
72290
72291
72292
72294
72295
72296
72297
72298
72299
72300
72301
72302
72303
72304
72305
72306
72307
72310
72311
72312
72313
72315
72316
72317
72322
72323
72325
72330
72331
72333
72334
72335
72336
72337
72338
72339
72340
72341
72342
72343
72344
72345
72346
72347
72348
72349
72354
72357
72360
72364
72366
72367
72368
72370
72371
72372
72373
72378
72379
72382
72383
72384
72388
72393
72396
72398
72399
72404
72405
72406
72407
72408
72409
72411
72412
72413
72414
72415
72417
72418
72419
72421
72422
72423
72424
72425
72426
72427
72428
72430
72431
72432
72433
72441
72444
72445
72446
72447
72451
72452
72453
72456
72457
72458
72459
72462
72463
72464
72465
72466
72468
72469
72470
72471
72473
72477
72478
72482
72489
72490
72494
72496
72497
72498
72500
72501
72503
72504
72505
72507
72508
72509
72510
72511
72512
72513
72514
72516
72517
72518
72519
72520
72521
72523
72533
72534
72535
72536
72537
72538
72539
72540
72542
72543
72546
72548
72549
72551
72552
72553
72554
72555
72557
72558
72560
72562
72563
72565
72566
72568
72569
72570
72571
72572
72573
72574
72576
72577
72578
72579
72580
72581
72582
72583
72584
72585
72586
72587
72588
72589
72590
72595
72596
72597
72600
72601
72603
72604
72605
72606
72607
72608
72609
72610
72611
72612
72613
72614
72615
72616
72617
72619
72620
72621
72624
72625
72626
72627
72628
72629
72630
72631
72632
72633
72634
72635
72637
72644
72646
72648
72649
72650
72651
72652
72653
72654
72655
72656
72657
72658
72659
72660
72661
72662
72663
72665
72666
72667
72668
72670
72671
72672
72673
72674
72676
72677
72679
72680
72681
72682
72683
72684
72686
72690
72691
72692
72693
72694
72697
72699
72700
72701
72702
72703
72705
72706
72707
72708
72709
72711
72714
72715
72716
72718
72719
72720
72722
72723
72727
72728
72732
72733
72735
72737
72739
72740
72741
72742
72743
72744
72746
72747
72748
72750
72752
72753
72754
72755
72757
72759
72760
72762
72764
72765
72766
72767
72769
72770
72771
72775
72776
72778
72779
72780
72781
72782
72783
72784
72786
72788
72790
72791
72792
72793
72794
72795
72796
72797
72798
72800
72801
72802
72803
72804
72805
72809
72810
72811
72812
72813
72815
72816
72817
72818
72819
72822
72823
72824
72825
72826
72827
72828
72829
72830
72833
72834
72835
72837
72838
72839
72840
72841
72842
72843
72845
72846
72847
72848
72852
72853
72854
72855
72856
72858
72859
72861
72862
72864
72866
72867
72868
72870
72871
72872
72873
72874
72875
72877
72878
72880
72881
72882
72883
72885
72886
72887
72890
72892
72893
72894
72896
72898
72899
72900
72901
72904
72905
72907
72908
72909
72911
72913
72914
72915
72916
72918
72919
72920
72921
72922
72923
72924
72925
72926
72927
72928
72931
72932
72933
72934
72935
72936
72937
72938
72939
72940
72941
72942
72944
72948
72949
72954
72955
72956
72957
72960
72962
72963
72965
72966
72967
72968
72969
72970
72971
72973
72975
72976
72978
72982
72983
72985
72986
72988
72989
72990
72991
72992
72994
72995
72997
72998
72999
73000
73002
73003
73004
73005
73008
73009
73010
73012
73013
73015
73017
73020
73021
73022
73023
73024
73025
73026
73028
73029
73030
73031
73033
73034
73035
73036
73037
73039
73040
73041
73042
73044
73045
73048
73049
73053
73054
73056
73057
73061
73063
73064
73065
73066
73067
73069
73070
73072
73073
73075
73079
73081
73082
73083
73085
73086
73087
73089
73091
73092
73094
73095
73096
73097
73099
73105
73112
73113
73114
73116
73117
73118
73119
73122
73124
73125
73126
73133
73138
73139
73141
73142
73151
73167
73168
73170
73171
73172
73174
73177
73182
73185
73197
73198
73201
73202
73203
73204
73205
73206
73207
73208
73209
73210
73211
73212
73213
73214
73215
73216
73217
73219
73220
73221
73223
73224
73225
73226
73227
73229
73232
73234
73237
73239
73241
73242
73245
73246
73247
73248
73249
73250
73255
73257
73262
73263
73264
73267
73268
73269
73270
73272
73273
73279
73282
73283
73284
73286
73288
73289
73290
73291
73295
73296
73297
73299
73300
73301
73304
73307
73308
73309
73311
73312
73314
73315
73316
73317
73318
73320
73321
73323
73324
73325
73327
73328
73330
73332
73333
73335
73336
73337
73339
73340
73342
73343
73344
73345
73346
73347
73350
73353
73354
73360
73363
73364
73367
73368
73369
73370
73371
73372
73375
73377
73378
73383
73384
73386
73387
73389
73390
73391
73393
73394
73395
73397
73398
73399
73402
73403
73404
73405
73406
73407
73408
73409
73410
73411
73412
73413
73414
73416
73417
73418
73420
73421
73422
73424
73428
73429
73431
73434
73436
73438
73441
73442
73443
73444
73445
73446
73447
73448
73449
73451
73452
73453
73454
73455
73458
73459
73460
73462
73469
73472
73473
73474
73475
73476
73477
73479
73480
73482
73483
73484
73485
73486
73488
73491
73492
73493
73494
73496
73497
73498
73499
73501
73502
73504
73506
73511
73512
73513
73514
73515
73516
73518
73520
73521
73522
73526
73528
73531
73532
73534
73535
73536
73538
73539
73540
73541
73542
73543
73544
73545
73546
73547
73550
73551
73553
73554
73556
73557
73558
73559
73560
73561
73562
73564
73566
73567
73569
73570
73571
73572
73573
73575
73576
73578
73580
73583
73584
73586
73587
73588
73589
73590
73591
73592
73593
73594
73597
73599
73600
73601
73602
73603
73605
73608
73610
73611
73612
73614
73615
73616
73617
73618
73619
73620
73621
73622
73624
73626
73630
73631
73632
73634
73641
73642
73643
73644
73645
73646
73648
73649
73651
73653
73654
73658
73663
73664
73665
73667
73668
73669
73670
73671
73672
73673
73674
73675
73676
73677
73678
73679
73691
73692
73694
73696
73698
73700
73701
73702
73703
73704
73705
73706
73708
73709
73710
73712
73713
73714
73719
73720
73721
73722
73723
73724
73725
73727
73728
73730
73731
73732
73733
73734
73735
73736
73737
73738
73739
73740
73742
73743
73744
73748
73750
73751
73752
73753
73756
73757
73761
73773
73775
73778
73779
73780
73781
73782
73783
73784
73785
73786
73787
73788
73797
73798
73799
73800
73801
73802
73803
73804
73806
73807
73813
73816
73821
73822
73825
73827
73828
73829
73831
73832
73834
73835
73836
73837
73839
73842
73843
73844
73845
73846
73847
73848
73854
73856
73857
73860
73861
73862
73863
73864
73865
73867
73868
73870
73871
73872
73873
73875
73876
73877
73880
73883
73884
73885
73888
73890
73892
73894
73895
73896
73899
73900
73901
73902
73903
73906
73907
73908
73909
73910
73911
73912
73913
73915
73916
73918
73919
73921
73922
73924
73927
73929
73930
73933
73936
73939
73940
73942
73943
73945
73946
73947
73948
73951
73952
73955
73956
73957
73959
73960
73961
73962
73963
73964
73966
73967
73968
73969
73970
73974
73978
73979
73980
73981
73982
73985
73986
73989
73991
73992
73993
73994
73997
73999
74001
74002
74004
74005
74006
74007
74009
74010
74012
74013
74014
74016
74017
74019
74020
74022
74023
74024
74025
74026
74027
74029
74030
74031
74033
74034
74035
74036
74037
74038
74039
74040
74041
74042
74043
74044
74045
74048
74053
74054
74055
74056
74057
74058
74059
74060
74061
74062
74063
74064
74065
74067
74068
74070
74071
74072
74074
74075
74076
74078
74079
74080
74081
74082
74083
74084
74085
74087
74091
74095
74096
74097
74098
74099
74101
74102
74106
74107
74109
74110
74111
74112
74114
74120
74122
74125
74126
74131
74133
74134
74137
74138
74139
74155
74157
74160
74161
74162
74171
74174
74177
74180
74181
74182
74185
74186
74188
74189
74191
74192
74194
74195
74196
74198
74199
74201
74202
74204
74205
74206
74208
74209
74211
74212
74213
74214
74215
74216
74217
74218
74221
74222
74223
74225
74226
74227
74228
74229
74230
74231
74232
74235
74236
74237
74238
74239
74240
74244
74246
74247
74249
74252
74253
74254
74255
74258
74260
74262
74263
74264
74266
74268
74269
74281
74282
74283
74284
74286
74288
74289
74290
74291
74294
74295
74296
74297
74298
74305
74306
74307
74308
74310
74311
74312
74314
74315
74316
74317
74318
74320
74321
74325
74326
74327
74335
74339
74341
74343
74345
74346
74349
74351
74352
74354
74356
74357
74358
74360
74366
74367
74368
74369
74370
74376
74379
74381
74383
74393
74397
74401
74402
74403
74405
74406
74407
74408
74409
74412
74413
74414
74415
74416
74420
74421
74424
74425
74426
74427
74428
74429
74430
74432
74433
74434
74436
74437
74441
74442
74444
74445
74448
74451
74454
74456
74457
74458
74466
74469
74472
74475
74476
74477
74478
74481
74482
74485
74486
74487
74489
74490
74492
74493
74495
74496
74500
74509
74521
74524
74525
74526
74527
74529
74530
74532
74534
74535
74537
74539
74542
74544
74545
74547
74548
74549
74554
74555
74556
74559
74560
74561
74562
74564
74569
74570
74571
74573
74574
74575
74577
74578
74580
74582
74583
74585
74587
74588
74589
74598
74599
74600
74601
74605
74607
74608
74609
74610
74611
74612
74613
74614
74616
74618
74620
74621
74622
74624
74625
74626
74627
74629
74630
74631
74632
74635
74637
74639
74641
74642
74643
74644
74645
74655
74656
74660
74661
74663
74664
74665
74668
74671
74672
74673
74676
74680
74681
74682
74685
74686
74687
74688
74691
74692
74693
74695
74696
74697
74698
74700
74701
74702
74703
74707
74713
74715
74716
74718
74719
74720
74722
74723
74724
74725
74726
74730
74733
74735
74737
74738
74741
74742
74743
74744
74746
74747
74750
74751
74752
74754
74755
74756
74760
74761
74762
74763
74764
74765
74766
74767
74775
74777
74778
74782
74783
74787
74788
74790
74792
74793
74794
74796
74797
74801
74802
74806
74807
74808
74810
74812
74813
74814
74815
74816
74843
74844
74845
74846
74847
74850
74852
74857
74858
74859
74860
74872
74883
74884
74886
74887
74890
74891
74892
74893
74896
74897
74899
74900
74902
74903
74904
74905
74906
74908
74909
74910
74912
74913
74914
74916
74918
74919
74922
74923
74924
74925
74926
74927
74929
74930
74931
74933
74934
74935
74936
74937
74938
74940
74941
74942
74943
74944
74947
74950
74951
74953
74954
74955
74956
74957
74958
74959
74960
74961
74962
74964
74965
74966
74967
74968
74969
74970
74971
74972
74975
74977
74978
74979
74983
74984
74986
74987
74988
74989
74990
74991
74992
74994
74995
74996
74997
74998
74999
75000
75001
75002
75003
75004
75006
75007
75009
75012
75014
75015
75016
75017
75018
75019
75021
75024
75025
75026
75027
75028
75032
75034
75036
75039
75041
75043
75044
75045
75047
75048
75049
75050
75051
75052
75054
75056
75057
75062
75065
75066
75074
75075
75077
75078
75083
75084
75085
75086
75087
75088
75094
75099
75101
75102
75103
75105
75106
75107
75109
75111
75112
75113
75114
75119
75120
75121
75122
75123
75124
75128
75130
75132
75134
75135
75136
75137
75138
75139
75142
75143
75144
75146
75148
75150
75153
75154
75155
75156
75157
75158
75159
75161
75165
75167
75168
75169
75173
75175
75177
75179
75181
75182
75183
75186
75187
75188
75190
75191
75193
75195
75197
75199
75200
75202
75203
75206
75208
75217
75219
75224
75225
75228
75229
75230
75231
75232
75233
75235
75236
75238
75240
75247
75250
75251
75252
75254
75255
75259
75260
75261
75264
75266
75267
75268
75269
75270
75271
75272
75273
75274
75275
75279
75281
75283
75284
75285
75286
75287
75288
75289
75291
75297
75301
75306
75307
75308
75309
75310
75312
75314
75317
75323
75324
75325
75326
75327
75328
75329
75331
75334
75335
75336
75338
75339
75340
75342
75343
75345
75346
75347
75348
75350
75351
75352
75353
75354
75357
75358
75359
75360
75361
75362
75363
75364
75365
75366
75368
75370
75374
75375
75376
75377
75378
75379
75381
75382
75384
75392
75395
75396
75399
75400
75403
75404
75405
75406
75407
75408
75410
75411
75412
75413
75414
75415
75416
75417
75418
75419
75420
75421
75424
75427
75428
75430
75433
75434
75436
75437
75438
75440
75441
75443
75444
75445
75446
75448
75449
75451
75452
75453
75454
75455
75456
75458
75461
75463
75467
75468
75469
75471
75473
75474
75479
75480
75482
75483
75484
75485
75495
75497
75502
75503
75504
75506
75508
75521
75527
75536
75537
75538
75541
75542
75543
75544
75545
75546
75547
75548
75550
75551
75555
75556
75557
75560
75566
75568
75572
75578
75580
75581
75582
75585
75589
75590
75591
75592
75593
75597
75599
75614
75615
75616
75618
75619
75620
75621
75623
75624
75625
75626
75627
75629
75630
75631
75633
75634
75635
75636
75637
75639
75641
75642
75653
75655
75656
75658
75661
75662
75663
75665
75666
75667
75668
75669
75670
75671
75672
75673
75674
75675
75678
75680
75681
75682
75683
75684
75685
75686
75688
75689
75691
75692
75695
75697
75707
75711
75712
75713
75716
75717
75718
75723
75725
75727
75732
75733
75736
75740
75741
75742
75743
75744
75746
75749
75750
75751
75752
75754
75755
75757
75758
75760
75761
75765
75772
75773
75774
75777
75778
75780
75781
75782
75783
75784
75786
75790
75791
75794
75796
75799
75801
75802
75804
75807
75808
75810
75811
75812
75813
75814
75816
75817
75818
75819
75820
75821
75827
75828
75829
75830
75831
75832
75834
75838
75841
75842
75843
75844
75846
75847
75852
75853
75854
75856
75872
75873
75876
75882
75884
75885
75886
75888
75889
75890
75891
75892
75893
75894
75897
75898
75899
75900
75902
75911
75915
75916
75918
75919
75920
75921
75922
75923
75926
75928
75930
75931
75932
75933
75934
75935
75936
75939
75942
75943
75944
75945
75946
75949
75950
75951
75952
75954
75955
75956
75957
75958
75960
75965
75972
75984
75986
75987
75989
75991
75992
75993
75994
75999
76000
76001
76006
76008
76009
76010
76011
76014
76015
76018
76019
76021
76024
76025
76028
76030
76040
76053
76056
76058
76060
76061
76063
76064
76078
76082
76084
76085
76086
76087
76088
76089
76090
76091
76093
76094
76097
76099
76101
76104
76108
76110
76111
76113
76114
76115
76119
76122
76123
76125
76127
76129
76130
76135
76138
76139
76140
76141
76142
76143
76144
76145
76147
76148
76149
76150
76151
76153
76156
76157
76158
76159
76160
76161
76163
76164
76165
76166
76167
76168
76169
76171
76172
76173
76174
76177
76180
76181
76183
76188
76189
76190
76191
76192
76194
76199
76203
76206
76207
76208
76210
76211
76212
76214
76215
76217
76218
76219
76221
76222
76223
76224
76225
76226
76227
76228
76229
76230
76232
76233
76235
76236
76237
76239
76241
76243
76244
76246
76247
76248
76250
76254
76263
76265
76266
76267
76268
76269
76270
76274
76276
76277
76281
76282
76284
76285
76287
76293
76294
76295
76296
76297
76298
76299
76300
76301
76302
76305
76306
76307
76309
76310
76311
76312
76313
76314
76315
76316
76317
76318
76322
76323
76325
76327
76329
76330
76331
76334
76335
76336
76337
76339
76340
76341
76342
76343
76344
76345
76346
76349
76350
76351
76352
76353
76354
76355
76356
76358
76364
76367
76372
76373
76374
76375
76376
76377
76378
76379
76381
76382
76383
76385
76386
76393
76395
76396
76397
76403
76405
76406
76407
76408
76410
76411
76414
76426
76430
76438
76441
76443
76446
76447
76448
76449
76452
76453
76454
76455
76456
76457
76459
76460
76462
76463
76464
76465
76466
76468
76469
76470
76471
76474
76475
76476
76477
76478
76481
76482
76483
76485
76486
76487
76488
76490
76491
76492
76494
76497
76507
76508
76510
76512
76514
76515
76517
76518
76519
76520
76524
76526
76527
76529
76530
76531
76533
76534
76535
76537
76538
76539
76545
76547
76548
76549
76551
76552
76555
76556
76560
76563
76564
76566
76569
76576
76578
76581
76582
76588
76590
76593
76594
76595
76598
76599
76600
76601
76603
76604
76606
76607
76608
76609
76612
76613
76615
76617
76618
76619
76620
76626
76627
76629
76632
76636
76638
76642
76644
76645
76647
76648
76649
76650
76651
76652
76653
76658
76660
76661
76664
76668
76671
76672
76676
76678
76679
76680
76681
76682
76683
76684
76685
76686
76687
76688
76690
76691
76692
76693
76694
76695
76697
76698
76699
76700
76702
76704
76705
76706
76709
76710
76712
76714
76716
76722
76723
76725
76728
76729
76731
76732
76733
76736
76738
76739
76742
76743
76748
76749
76750
76751
76752
76753
76755
76756
76757
76761
76765
76766
76767
76768
76769
76770
76771
76773
76775
76776
76778
76779
76780
76782
76783
76784
76785
76787
76788
76790
76791
76792
76793
76794
76795
76796
76798
76799
76801
76802
76803
76805
76808
76809
76810
76811
76812
76813
76816
76817
76818
76819
76824
76825
76826
76829
76830
76831
76832
76835
76836
76838
76839
76840
76841
76842
76846
76849
76853
76856
76858
76859
76860
76861
76863
76864
76866
76867
76868
76870
76871
76872
76875
76877
76878
76879
76881
76882
76883
76885
76886
76889
76892
76893
76896
76898
76899
76901
76902
76904
76906
76907
76910
76911
76913
76914
76915
76916
76917
76919
76920
76921
76922
76924
76925
76926
76927
76928
76930
76931
76932
76933
76934
76935
76936
76939
76941
76942
76943
76945
76951
76953
76954
76955
76957
76958
76959
76960
76961
76962
76967
76968
76969
76971
76972
76973
76974
76976
76977
76982
76985
76986
76988
76989
76991
76992
76993
76995
76996
76998
76999
77000
77004
77005
77007
77012
77013
77014
77015
77016
77017
77020
77022
77023
77026
77027
77028
77029
77030
77032
77035
77036
77037
77038
77039
77040
77045
77046
77047
77048
77049
77051
77052
77053
77054
77056
77060
77061
77062
77069
77070
77071
77072
77075
77076
77077
77078
77079
77080
77081
77082
77083
77084
77086
77087
77088
77089
77094
77096
77098
77099
77101
77102
77103
77110
77114
77115
77116
77117
77118
77119
77120
77121
77123
77132
77135
77136
77137
77138
77141
77142
77147
77150
77151
77154
77157
77158
77159
77160
77161
77162
77163
77166
77167
77168
77169
77171
77175
77178
77180
77181
77182
77183
77184
77189
77192
77193
77194
77195
77196
77199
77200
77201
77202
77203
77205
77206
77207
77212
77213
77214
77216
77217
77218
77219
77220
77222
77225
77226
77230
77231
77234
77238
77242
77243
77244
77245
77246
77247
77250
77256
77260
77264
77266
77267
77268
77269
77270
77272
77280
77284
77285
77300
77301
77303
77305
77306
77307
77310
77312
77313
77318
77320
77321
77323
77332
77334
77335
77336
77337
77339
77343
77345
77346
77350
77352
77353
77354
77355
77358
77359
77360
77362
77363
77364
77365
77366
77367
77368
77371
77372
77374
77375
77376
77377
77378
77379
77380
77381
77382
77383
77384
77385
77386
77387
77389
77392
77393
77394
77395
77396
77398
77402
77403
77404
77405
77407
77408
77409
77410
77411
77413
77414
77415
77417
77418
77419
77421
77422
77423
77424
77425
77427
77428
77430
77431
77432
77434
77436
77438
77447
77452
77454
77457
77459
77460
77462
77466
77467
77469
77470
77471
77473
77475
77476
77487
77493
77494
77495
77497
77498
77499
77500
77501
77502
77507
77508
77510
77511
77514
77515
77516
77521
77523
77524
77525
77526
77527
77528
77529
77532
77533
77534
77535
77536
77537
77538
77539
77540
77541
77542
77543
77544
77551
77552
77553
77556
77563
77565
77566
77572
77573
77574
77576
77577
77578
77580
77581
77582
77583
77584
77585
77589
77590
77591
77592
77593
77594
77595
77597
77598
77600
77601
77606
77607
77609
77610
77612
77613
77614
77616
77621
77622
77625
77626
77627
77630
77631
77632
77633
77637
77638
77639
77640
77641
77643
77644
77645
77646
77648
77649
77650
77653
77655
77657
77659
77660
77661
77662
77663
77668
77669
77670
77673
77674
77677
77679
77680
77681
77683
77685
77688
77691
77692
77693
77694
77695
77696
77697
77698
77699
77700
77701
77702
77703
77704
77705
77706
77707
77708
77710
77713
77716
77718
77719
77720
77721
77722
77725
77726
77727
77728
77729
77730
77732
77733
77734
77735
77738
77742
77755
77760
77764
77765
77768
77772
77774
77775
77777
77779
77780
77781
77782
77783
77786
77787
77791
77792
77793
77794
77795
77796
77797
77799
77800
77801
77802
77807
77810
77813
77815
77816
77817
77819
77820
77821
77826
77828
77830
77834
77837
77842
77846
77849
77850
77851
77854
77855
77856
77857
77858
77861
77863
77867
77869
77870
77874
77875
77876
77877
77878
77879
77880
77881
77884
77885
77887
77888
77891
77893
77894
77895
77896
77897
77898
77900
77901
77903
77907
77908
77910
77913
77914
77915
77916
77917
77920
77922
77923
77924
77925
77927
77928
77930
77931
77932
77933
77934
77935
77937
77938
77941
77942
77943
77944
77945
77949
77951
77952
77958
77959
77960
77962
77963
77964
77966
77969
77973
77975
77976
77977
77978
77984
77987
77988
77989
77991
77993
77994
77995
77996
77998
78000
78003
78004
78006
78007
78008
78012
78013
78015
78016
78017
78020
78022
78023
78024
78025
78026
78027
78030
78036
78037
78039
78042
78043
78044
78045
78046
78047
78048
78050
78052
78053
78054
78056
78057
78058
78059
78060
78061
78062
78064
78065
78067
78069
78071
78072
78073
78074
78076
78077
78078
78079
78081
78082
78083
78084
78085
78086
78087
78088
78089
78090
78091
78096
78097
78098
78100
78101
78102
78103
78104
78106
78107
78108
78110
78111
78114
78121
78122
78123
78124
78125
78126
78127
78129
78134
78136
78137
78138
78140
78148
78149
78152
78154
78156
78157
78159
78166
78167
78168
78170
78171
78172
78178
78181
78183
78184
78185
78186
78187
78191
78193
78195
78198
78199
78200
78201
78202
78203
78205
78210
78218
78223
78224
78228
78229
78230
78232
78235
78236
78237
78238
78239
78240
78241
78242
78243
78244
78245
78248
78250
78251
78253
78254
78255
78256
78258
78259
78260
78261
78263
78266
78267
78268
78269
78270
78271
78273
78275
78276
78278
78279
78280
78281
78282
78283
78284
78285
78286
78287
78288
78289
78290
78292
78293
78294
78297
78298
78299
78301
78302
78303
78304
78305
78306
78307
78309
78310
78311
78312
78313
78314
78315
78318
78321
78324
78327
78328
78329
78331
78335
78337
78340
78341
78342
78343
78344
78345
78346
78347
78348
78349
78350
78351
78352
78353
78358
78367
78371
78372
78373
78374
78375
78376
78377
78378
78380
78381
78382
78386
78387
78388
78389
78391
78392
78393
78396
78397
78398
78401
78402
78403
78404
78406
78407
78408
78409
78410
78411
78412
78413
78414
78416
78417
78418
78420
78421
78422
78423
78424
78427
78428
78429
78432
78433
78434
78435
78436
78437
78439
78441
78443
78444
78445
78446
78447
78448
78449
78450
78451
78452
78454
78455
78456
78462
78463
78465
78466
78467
78468
78469
78472
78473
78474
78475
78476
78478
78480
78482
78483
78484
78486
78487
78490
78493
78494
78498
78503
78504
78506
78512
78513
78514
78516
78517
78518
78520
78521
78523
78524
78525
78527
78528
78529
78532
78535
78537
78538
78539
78541
78543
78545
78550
78552
78553
78557
78558
78559
78561
78562
78565
78566
78567
78568
78571
78573
78577
78579
78580
78581
78582
78584
78585
78586
78588
78589
78590
78592
78593
78594
78598
78599
78600
78601
78604
78606
78611
78612
78613
78617
78619
78621
78623
78624
78625
78629
78630
78633
78636
78637
78638
78640
78641
78643
78648
78650
78652
78653
78654
78656
78657
78658
78659
78660
78663
78665
78667
78668
78669
78670
78671
78672
78673
78677
78678
78680
78682
78683
78685
78687
78688
78690
78692
78693
78695
78696
78698
78699
78702
78703
78704
78705
78708
78709
78711
78712
78713
78714
78717
78718
78719
78720
78721
78723
78725
78726
78727
78728
78729
78731
78732
78734
78737
78738
78740
78742
78743
78745
78746
78747
78760
78761
78763
78764
78765
78768
78769
78771
78772
78773
78775
78777
78779
78781
78782
78789
78790
78791
78792
78793
78794
78795
78796
78802
78805
78809
78810
78813
78814
78815
78817
78818
78819
78820
78821
78825
78828
78829
78830
78831
78833
78834
78835
78836
78837
78838
78839
78841
78842
78847
78857
78858
78861
78863
78864
78865
78866
78876
78877
78879
78881
78882
78883
78884
78885
78887
78893
78896
78898
78900
78901
78902
78904
78905
78910
78912
78917
78918
78920
78922
78924
78926
78927
78932
78936
78943
78952
78955
78958
78960
78962
78963
78964
78970
78971
78972
78973
78974
78975
78976
78981
78983
78985
78986
78988
78990
78991
78992
78993
78994
79002
79005
79006
79007
79008
79009
79010
79012
79013
79014
79015
79017
79019
79020
79021
79023
79024
79025
79026
79027
79028
79029
79030
79034
79035
79041
79042
79045
79046
79047
79048
79049
79051
79052
79054
79055
79057
79058
79059
79060
79061
79062
79063
79065
79066
79067
79068
79069
79070
79071
79072
79073
79074
79075
79076
79078
79080
79081
79082
79083
79084
79085
79086
79087
79088
79089
79091
79093
79094
79095
79096
79097
79098
79101
79102
79103
79107
79110
79112
79114
79115
79116
79117
79119
79120
79121
79123
79124
79125
79126
79127
79128
79129
79130
79131
79133
79134
79135
79140
79141
79143
79144
79145
79148
79149
79150
79151
79152
79153
79154
79155
79156
79157
79160
79163
79164
79165
79166
79167
79169
79170
79172
79173
79174
79175
79178
79179
79180
79182
79183
79185
79186
79187
79188
79189
79192
79193
79195
79196
79197
79198
79199
79200
79201
79202
79203
79204
79207
79209
79210
79211
79212
79213
79214
79215
79217
79220
79221
79223
79231
79233
79234
79235
79237
79238
79239
79240
79241
79242
79243
79247
79249
79250
79253
79254
79257
79259
79261
79262
79264
79265
79266
79267
79268
79271
79272
79274
79275
79284
79285
79289
79290
79291
79292
79293
79294
79295
79296
79297
79298
79302
79306
79310
79316
79320
79321
79323
79327
79330
79331
79332
79333
79334
79335
79336
79338
79339
79340
79341
79343
79344
79347
79356
79358
79359
79360
79362
79363
79364
79365
79380
79381
79384
79385
79398
79399
79401
79403
79404
79405
79407
79408
79409
79410
79424
79425
79430
79433
79434
79435
79436
79437
79439
79445
79450
79455
79456
79457
79458
79459
79465
79466
79467
79469
79470
79471
79472
79473
79474
79475
79477
79478
79479
79480
79481
79483
79484
79486
79488
79489
79491
79494
79496
79500
79501
79502
79503
79505
79506
79508
79509
79512
79513
79514
79515
79516
79517
79518
79520
79523
79524
79525
79527
79533
79534
79535
79536
79537
79538
79539
79540
79541
79542
79543
79546
79547
79548
79550
79552
79553
79555
79556
79557
79558
79559
79561
79563
79565
79566
79568
79569
79570
79574
79577
79578
79579
79580
79581
79583
79584
79585
79590
79593
79596
79597
79598
79600
79601
79602
79603
79605
79607
79608
79612
79613
79614
79615
79621
79622
79624
79625
79626
79627
79628
79629
79630
79632
79636
79637
79639
79642
79643
79644
79646
79648
79649
79651
79653
79654
79657
79658
79659
79660
79661
79662
79665
79668
79670
79672
79673
79677
79678
79680
79681
79684
79685
79688
79689
79691
79692
79693
79695
79696
79699
79702
79707
79708
79710
79712
79713
79714
79716
79718
79719
79720
79721
79725
79726
79727
79728
79730
79731
79734
79735
79738
79740
79745
79746
79747
79748
79749
79751
79756
79757
79759
79761
79763
79764
79767
79768
79769
79770
79771
79773
79774
79775
79776
79777
79778
79779
79780
79782
79783
79784
79785
79787
79788
79790
79791
79792
79793
79797
79798
79799
79801
79803
79806
79807
79811
79812
79813
79814
79815
79816
79817
79818
79819
79821
79823
79824
79825
79829
79830
79832
79833
79835
79837
79841
79845
79846
79847
79848
79850
79852
79853
79854
79856
79857
79862
79864
79866
79867
79869
79870
79871
79872
79874
79875
79876
79878
79879
79880
79882
79884
79886
79888
79889
79890
79892
79893
79894
79895
79897
79899
79900
79903
79905
79906
79907
79908
79909
79911
79913
79915
79921
79932
79938
79939
79940
79942
79943
79944
79956
79960
79962
79966
79967
79969
79971
79972
79973
79974
79975
79976
79979
79981
79982
79983
79987
79990
79991
79992
79993
79996
79997
79998
79999
80000
80001
80002
80010
80012
80014
80015
80018
80020
80022
80023
80025
80026
80027
80030
80031
80033
80034
80036
80038
80039
80042
80043
80044
80045
80046
80047
80049
80052
80053
80059
80060
80061
80063
80067
80069
80071
80072
80073
80074
80075
80078
80079
80080
80085
80087
80088
80089
80090
80093
80099
80100
80103
80104
80105
80106
80110
80111
80114
80115
80117
80119
80120
80122
80123
80124
80126
80128
80130
80131
80133
80134
80136
80137
80139
80142
80143
80144
80145
80146
80147
80148
80151
80152
80153
80154
80162
80164
80165
80170
80172
80174
80176
80177
80178
80182
80183
80184
80185
80187
80188
80189
80190
80192
80195
80196
80198
80199
80201
80204
80207
80208
80211
80214
80215
80217
80223
80224
80225
80227
80228
80231
80232
80233
80234
80235
80236
80238
80240
80241
80242
80244
80245
80246
80250
80252
80253
80254
80255
80256
80257
80258
80259
80260
80263
80266
80267
80268
80269
80271
80272
80273
80276
80277
80278
80279
80280
80281
80284
80286
80287
80290
80291
80292
80295
80298
80300
80302
80303
80304
80306
80316
80318
80319
80321
80322
80323
80325
80326
80330
80338
80340
80343
80344
80350
80351
80352
80353
80354
80355
80356
80357
80358
80366
80371
80372
80374
80375
80376
80377
80378
80379
80385
80391
80392
80393
80396
80397
80398
80401
80404
80405
80413
80414
80415
80417
80420
80422
80424
80425
80426
80427
80430
80431
80433
80441
80442
80443
80444
80445
80446
80447
80449
80450
80451
80455
80457
80458
80459
80460
80461
80462
80463
80464
80465
80466
80467
80468
80469
80470
80471
80472
80473
80475
80476
80477
80481
80486
80487
80493
80496
80497
80499
80500
80501
80502
80503
80504
80505
80506
80508
80509
80510
80514
80515
80516
80517
80519
80520
80521
80522
80523
80524
80525
80526
80528
80529
80531
80532
80537
80541
80542
80545
80546
80547
80548
80551
80554
80556
80557
80558
80559
80560
80561
80562
80567
80573
80574
80579
80582
80583
80584
80585
80586
80587
80588
80589
80596
80600
80610
80613
80614
80618
80619
80620
80621
80622
80623
80624
80625
80626
80630
80634
80636
80640
80642
80643
80645
80649
80650
80651
80653
80654
80655
80660
80661
80662
80663
80666
80668
80669
80670
80672
80674
80675
80676
80677
80680
80686
80687
80688
80690
80691
80694
80696
80697
80700
80703
80704
80707
80708
80709
80710
80711
80712
80713
80715
80717
80718
80719
80720
80721
80722
80723
80726
80727
80728
80729
80731
80732
80733
80734
80736
80737
80738
80740
80741
80742
80743
80746
80750
80751
80752
80753
80756
80757
80758
80759
80760
80761
80763
80764
80765
80766
80767
80769
80771
80772
80773
80775
80780
80782
80784
80786
80793
80796
80797
80799
80800
80817
80818
80821
80822
80823
80824
80826
80827
80828
80831
80832
80833
80834
80835
80836
80840
80847
80848
80849
80851
80853
80854
80858
80859
80860
80862
80866
80870
80871
80872
80873
80874
80881
80887
80888
80889
80891
80892
80894
80899
80902
80903
80904
80906
80907
80909
80911
80912
80913
80914
80915
80917
80921
80922
80923
80924
80928
80929
80932
80936
80939
80941
80942
80947
80950
80951
80956
80960
80961
80962
80964
80965
80966
80967
80968
80977
80978
80979
80980
80982
80984
80985
80988
80990
80991
80996
80997
80998
80999
81001
81002
81003
81004
81005
81006
81008
81009
81011
81015
81019
81020
81022
81023
81025
81032
81035
81037
81040
81041
81042
81044
81046
81048
81050
81051
81054
81055
81060
81063
81065
81067
81069
81070
81071
81075
81076
81077
81079
81084
81085
81089
81092
81093
81094
81096
81099
81101
81102
81103
81105
81108
81109
81110
81111
81112
81115
81116
81119
81120
81121
81123
81124
81125
81126
81127
81128
81129
81131
81132
81133
81138
81139
81141
81142
81143
81145
81148
81151
81153
81154
81155
81157
81160
81161
81164
81165
81166
81168
81171
81174
81176
81177
81180
81181
81182
81186
81187
81188
81189
81192
81193
81194
81195
81197
81199
81200
81201
81202
81205
81206
81208
81215
81216
81217
81219
81222
81223
81225
81226
81227
81229
81230
81234
81235
81236
81237
81239
81240
81242
81243
81247
81252
81253
81254
81255
81257
81258
81259
81260
81262
81263
81264
81269
81270
81271
81272
81274
81277
81285
81289
81291
81298
81300
81301
81303
81304
81305
81306
81307
81309
81310
81311
81317
81320
81322
81323
81324
81326
81329
81330
81331
81332
81333
81335
81338
81339
81340
81341
81343
81344
81345
81347
81348
81349
81350
81353
81355
81356
81357
81358
81359
81360
81361
81362
81363
81364
81365
81366
81367
81372
81373
81374
81375
81378
81379
81383
81387
81388
81389
81390
81391
81392
81393
81394
81400
81401
81404
81405
81406
81409
81410
81411
81413
81415
81416
81418
81419
81421
81423
81424
81425
81426
81427
81428
81431
81435
81436
81437
81438
81440
81441
81443
81445
81446
81449
81450
81451
81452
81455
81456
81457
81458
81459
81460
81464
81466
81468
81469
81470
81471
81472
81474
81475
81477
81478
81479
81480
81481
81482
81483
81485
81486
81490
81492
81495
81499
81500
81501
81504
81505
81506
81507
81509
81510
81512
81516
81517
81518
81521
81522
81525
81526
81527
81530
81531
81533
81535
81536
81537
81539
81540
81541
81542
81543
81544
81545
81546
81547
81548
81550
81552
81553
81554
81555
81556
81557
81558
81560
81561
81562
81563
81565
81567
81568
81569
81570
81571
81572
81574
81575
81576
81578
81579
81580
81581
81582
81583
81585
81586
81588
81589
81592
81593
81597
81598
81599
81600
81602
81603
81604
81605
81607
81609
81610
81611
81612
81613
81614
81615
81619
81620
81621
81622
81623
81624
81625
81628
81629
81635
81639
81664
81674
81675
81677
81679
81681
81683
81685
81686
81687
81691
81695
81701
81703
81712
81724
81727
81732
81734
81735
81736
81737
81738
81739
81740
81742
81743
81744
81745
81746
81750
81754
81755
81758
81759
81760
81762
81763
81764
81767
81768
81771
81772
81773
81776
81779
81780
81781
81782
81783
81784
81785
81786
81787
81789
81790
81793
81797
81801
81803
81805
81806
81807
81809
81810
81811
81812
81817
81819
81820
81821
81822
81823
81824
81825
81826
81827
81828
81829
81831
81832
81833
81834
81835
81837
81838
81840
81842
81843
81844
81845
81846
81847
81848
81849
81853
81854
81855
81856
81857
81858
81861
81862
81864
81865
81870
81872
81873
81874
81875
81877
81880
81881
81883
81886
81887
81889
81890
81892
81893
81894
81895
81896
81897
81898
81899
81900
81901
81904
81906
81908
81909
81910
81911
81913
81914
81915
81916
81920
81922
81923
81924
81925
81926
81927
81928
81930
81933
81935
81937
81938
81939
81944
81946
81948
81950
81952
81959
81960
81962
81963
81964
81967
81968
81970
81971
81972
81977
81978
81981
81982
81983
81987
81988
81990
81993
81994
81995
81997
81998
81999
82002
82004
82008
82009
82010
82015
82016
82017
82019
82020
82021
82028
82029
82032
82038
82039
82040
82041
82042
82044
82045
82046
82048
82052
82055
82056
82057
82059
82060
82063
82064
82065
82066
82067
82068
82069
82070
82071
82072
82073
82074
82080
82081
82084
82087
82088
82089
82090
82091
82092
82093
82094
82095
82096
82097
82098
82099
82102
82103
82104
82105
82109
82111
82112
82114
82120
82121
82123
82126
82127
82129
82130
82131
82132
82133
82136
82138
82140
82141
82142
82146
82149
82150
82153
82154
82155
82159
82160
82161
82162
82165
82166
82168
82169
82171
82173
82174
82175
82176
82177
82178
82183
82185
82187
82189
82191
82192
82193
82194
82196
82199
82200
82201
82202
82204
82211
82214
82215
82216
82217
82218
82219
82221
82222
82223
82224
82226
82227
82228
82229
82231
82232
82234
82235
82236
82238
82239
82240
82241
82242
82247
82248
82249
82252
82254
82255
82260
82261
82262
82263
82265
82267
82269
82270
82275
82277
82278
82279
82282
82283
82284
82285
82286
82287
82288
82289
82290
82292
82293
82294
82295
82297
82299
82302
82303
82304
82305
82306
82308
82309
82311
82316
82318
82319
82321
82323
82325
82327
82328
82333
82334
82335
82336
82338
82340
82341
82342
82345
82346
82347
82348
82349
82350
82352
82353
82356
82359
82362
82363
82364
82368
82370
82371
82372
82373
82374
82376
82377
82378
82380
82383
82387
82388
82391
82392
82393
82394
82402
82403
82407
82408
82409
82411
82413
82414
82417
82419
82420
82421
82422
82423
82427
82430
82432
82433
82434
82437
82438
82440
82441
82442
82443
82445
82446
82447
82448
82449
82454
82458
82459
82460
82462
82464
82465
82466
82467
82468
82471
82472
82475
82476
82477
82485
82486
82487
82489
82492
82493
82506
82507
82508
82509
82511
82512
82515
82520
82521
82523
82524
82525
82526
82529
82532
82538
82539
82541
82542
82544
82545
82546
82547
82548
82549
82550
82551
82552
82553
82555
82556
82557
82558
82559
82560
82561
82563
82565
82569
82570
82573
82574
82576
82577
82580
82581
82583
82584
82585
82586
82588
82589
82591
82592
82593
82595
82596
82597
82598
82599
82601
82602
82603
82604
82606
82607
82609
82611
82612
82613
82615
82616
82618
82625
82627
82628
82629
82631
82632
82633
82634
82635
82637
82638
82639
82641
82642
82644
82647
82648
82650
82652
82653
82654
82655
82656
82660
82661
82662
82663
82666
82667
82668
82672
82674
82675
82676
82678
82679
82680
82681
82683
82684
82685
82686
82687
82689
82690
82696
82698
82701
82702
82705
82708
82709
82710
82712
82715
82716
82717
82718
82719
82720
82721
82723
82724
82725
82726
82727
82729
82730
82731
82732
82733
82734
82735
82736
82737
82738
82740
82741
82747
82748
82749
82750
82751
82753
82754
82755
82756
82757
82758
82759
82761
82762
82765
82767
82769
82770
82772
82773
82774
82776
82777
82778
82779
82781
82782
82784
82785
82786
82787
82788
82789
82790
82791
82792
82793
82794
82798
82800
82801
82802
82803
82805
82806
82807
82808
82809
82810
82811
82812
82813
82815
82816
82817
82818
82820
82822
82823
82824
82825
82827
82828
82829
82831
82835
82837
82839
82842
82843
82844
82847
82849
82850
82851
82852
82854
82856
82858
82860
82861
82863
82864
82865
82867
82868
82869
82871
82877
82878
82879
82880
82882
82884
82885
82886
82887
82889
82890
82892
82895
82898
82900
82901
82902
82903
82904
82905
82906
82907
82908
82910
82913
82914
82916
82917
82921
82922
82923
82924
82925
82926
82927
82928
82929
82932
82933
82934
82935
82937
82938
82939
82940
82942
82943
82944
82946
82947
82948
82949
82950
82951
82953
82959
82961
82963
82964
82966
82967
82969
82970
82972
82981
82982
82983
82986
82988
82989
82990
82991
82993
82994
82996
82997
83000
83001
83004
83005
83009
83010
83013
83023
83025
83027
83044
83045
83047
83048
83049
83050
83052
83054
83055
83057
83058
83064
83066
83069
83070
83072
83074
83075
83076
83077
83078
83082
83084
83092
83096
83097
83098
83100
83101
83102
83106
83107
83113
83114
83117
83119
83122
83123
83124
83128
83132
83133
83134
83136
83138
83139
83142
83143
83144
83145
83146
83158
83160
83161
83163
83164
83165
83168
83169
83171
83172
83174
83175
83177
83179
83180
83181
83182
83188
83189
83190
83191
83192
83195
83196
83197
83198
83199
83200
83202
83205
83206
83207
83208
83209
83210
83211
83212
83214
83217
83218
83219
83220
83221
83222
83224
83227
83228
83229
83231
83233
83236
83238
83240
83241
83242
83243
83244
83245
83246
83247
83249
83250
83251
83252
83254
83255
83256
83257
83258
83259
83261
83262
83264
83267
83269
83270
83271
83273
83274
83275
83276
83277
83279
83280
83282
83283
83284
83286
83287
83288
83289
83291
83292
83296
83297
83299
83300
83304
83308
83309
83310
83311
83312
83313
83314
83315
83316
83319
83321
83325
83326
83327
83332
83335
83337
83340
83341
83342
83345
83347
83349
83351
83352
83353
83354
83356
83358
83359
83360
83361
83362
83363
83364
83366
83367
83369
83371
83372
83373
83374
83375
83377
83378
83381
83382
83383
83385
83387
83388
83393
83396
83397
83398
83399
83401
83402
83403
83404
83405
83406
83407
83409
83410
83412
83413
83415
83416
83417
83418
83419
83422
83423
83424
83425
83426
83427
83428
83429
83430
83431
83432
83433
83434
83435
83436
83438
83439
83442
83443
83444
83445
83448
83451
83452
83454
83455
83456
83458
83460
83461
83463
83465
83467
83470
83472
83473
83474
83476
83479
83481
83483
83484
83489
83490
83494
83496
83497
83499
83501
83503
83504
83506
83508
83510
83511
83512
83513
83515
83516
83517
83518
83519
83521
83524
83525
83526
83528
83530
83531
83534
83536
83537
83538
83539
83544
83546
83547
83549
83551
83554
83556
83557
83560
83561
83563
83564
83566
83567
83568
83569
83570
83571
83572
83574
83575
83576
83577
83579
83580
83581
83584
83586
83587
83588
83589
83590
83591
83592
83595
83596
83597
83598
83599
83600
83601
83603
83604
83605
83607
83610
83613
83614
83615
83616
83617
83619
83620
83621
83622
83624
83625
83626
83627
83629
83630
83631
83633
83634
83635
83637
83644
83645
83646
83648
83649
83650
83651
83652
83653
83654
83655
83656
83658
83659
83660
83662
83663
83666
83667
83670
83671
83673
83674
83675
83676
83677
83678
83679
83681
83682
83683
83684
83685
83686
83687
83688
83689
83692
83693
83695
83696
83697
83698
83699
83700
83704
83705
83707
83709
83710
83711
83725
83730
83732
83733
83734
83735
83736
83737
83739
83741
83742
83743
83744
83745
83746
83747
83751
83754
83755
83757
83758
83759
83761
83764
83765
83766
83768
83769
83770
83773
83780
83784
83785
83790
83791
83792
83793
83794
83797
83798
83799
83802
83805
83807
83808
83810
83811
83813
83814
83815
83818
83820
83822
83824
83826
83827
83828
83829
83831
83832
83834
83835
83836
83837
83839
83840
83841
83843
83844
83845
83846
83847
83848
83849
83852
83854
83855
83856
83857
83860
83862
83864
83866
83869
83871
83872
83874
83876
83879
83880
83883
83885
83886
83887
83888
83890
83891
83893
83894
83895
83896
83897
83898
83899
83900
83903
83904
83906
83907
83908
83909
83910
83911
83912
83913
83914
83916
83917
83918
83919
83920
83921
83922
83923
83924
83925
83927
83928
83929
83930
83931
83932
83933
83935
83941
83942
83943
83945
83946
83947
83948
83949
83950
83951
83952
83955
83956
83961
83963
83964
83965
83966
83980
83981
83982
83985
83987
83988
83989
83990
83991
83993
83994
83995
83996
83999
84000
84001
84004
84005
84006
84007
84008
84009
84010
84011
84012
84013
84014
84015
84016
84019
84020
84021
84024
84025
84028
84031
84032
84034
84035
84036
84037
84038
84039
84040
84041
84042
84044
84046
84047
84048
84050
84051
84052
84053
84055
84057
84060
84061
84062
84063
84064
84065
84066
84068
84070
84073
84076
84078
84079
84080
84081
84082
84083
84084
84085
84087
84088
84089
84090
84093
84094
84095
84096
84098
84099
84100
84101
84103
84104
84106
84107
84111
84112
84113
84116
84120
84121
84122
84123
84124
84126
84127
84128
84130
84131
84133
84134
84135
84138
84139
84140
84141
84142
84144
84147
84148
84150
84151
84153
84154
84155
84156
84158
84160
84163
84164
84165
84166
84167
84168
84169
84172
84175
84179
84185
84186
84187
84188
84189
84191
84192
84195
84196
84197
84198
84199
84200
84203
84204
84205
84206
84207
84208
84211
84216
84217
84218
84222
84223
84224
84225
84226
84228
84230
84231
84233
84236
84237
84240
84242
84243
84245
84246
84247
84249
84250
84251
84253
84254
84255
84258
84259
84260
84261
84268
84269
84270
84271
84272
84273
84274
84275
84277
84279
84283
84284
84285
84288
84289
84290
84292
84293
84294
84297
84298
84299
84300
84306
84308
84309
84311
84313
84315
84316
84318
84319
84321
84324
84325
84326
84328
84329
84330
84331
84335
84337
84338
84339
84340
84341
84342
84343
84344
84345
84346
84347
84348
84349
84351
84352
84353
84354
84355
84356
84357
84358
84359
84360
84362
84363
84364
84365
84366
84367
84368
84369
84370
84371
84372
84373
84374
84375
84377
84378
84380
84382
84383
84388
84389
84391
84394
84395
84397
84398
84399
84400
84402
84404
84405
84406
84407
84409
84410
84414
84417
84418
84419
84420
84421
84423
84424
84425
84427
84428
84430
84431
84432
84434
84435
84437
84438
84439
84440
84449
84451
84454
84455
84456
84457
84458
84459
84461
84462
84463
84465
84466
84471
84473
84474
84477
84478
84479
84481
84482
84484
84486
84488
84489
84490
84495
84496
84497
84498
84500
84502
84504
84506
84509
84510
84511
84512
84513
84517
84518
84519
84521
84522
84523
84525
84528
84529
84531
84532
84533
84534
84535
84537
84538
84540
84543
84544
84545
84547
84548
84549
84550
84551
84553
84554
84555
84556
84560
84562
84564
84565
84567
84571
84573
84574
84575
84577
84579
84581
84583
84584
84585
84586
84587
84589
84590
84592
84595
84596
84597
84599
84601
84602
84604
84605
84606
84607
84609
84610
84612
84614
84615
84617
84619
84620
84621
84622
84623
84625
84626
84627
84628
84629
84631
84632
84634
84635
84638
84640
84641
84642
84644
84645
84646
84647
84649
84650
84652
84653
84654
84656
84660
84661
84662
84663
84664
84665
84666
84668
84669
84670
84671
84672
84675
84676
84678
84681
84684
84685
84686
84687
84688
84690
84692
84693
84696
84697
84698
84699
84700
84701
84702
84703
84704
84708
84713
84714
84717
84722
84724
84727
84730
84731
84732
84733
84734
84735
84737
84738
84741
84744
84745
84746
84748
84749
84755
84756
84758
84759
84760
84761
84763
84764
84768
84770
84775
84776
84777
84781
84782
84785
84790
84792
84793
84794
84796
84799
84800
84801
84802
84803
84804
84806
84807
84808
84809
84810
84811
84812
84815
84816
84819
84820
84821
84823
84824
84825
84826
84827
84828
84829
84830
84831
84833
84834
84835
84836
84837
84839
84840
84841
84842
84843
84844
84847
84849
84850
84852
84853
84854
84855
84856
84857
84858
84859
84863
84865
84866
84869
84870
84872
84873
84874
84875
84877
84878
84881
84882
84884
84889
84891
84892
84893
84895
84896
84897
84898
84899
84902
84903
84904
84907
84910
84912
84914
84915
84918
84920
84922
84924
84925
84927
84928
84929
84932
84933
84934
84935
84936
84937
84938
84939
84941
84942
84944
84946
84948
84949
84951
84953
84954
84955
84957
84960
84963
84966
84967
84968
84969
84970
84973
84974
84977
84978
84979
84980
84982
84983
84985
84987
84990
84991
84992
84995
84996
84997
84998
84999
85000
85001
85003
85004
85005
85007
85009
85010
85011
85012
85014
85015
85016
85018
85019
85020
85022
85023
85024
85030
85032
85034
85037
85041
85042
85043
85044
85045
85047
85049
85051
85053
85055
85057
85062
85066
85068
85069
85071
85072
85073
85081
85086
85087
85089
85092
85099
85106
85108
85109
85110
85111
85120
85123
85124
85130
85132
85137
85138
85140
85145
85146
85147
85149
85150
85153
85154
85157
85158
85161
85162
85167
85178
85179
85185
85186
85187
85188
85189
85191
85192
85194
85195
85197
85199
85200
85202
85206
85209
85213
85216
85218
85221
85225
85228
85229
85232
85237
85240
85241
85242
85243
85247
